------------
--John Doe--
------------
-----by-----
--CKbackup--
------------

--Player Stuff--
player = game:GetService("Players").LocalPlayer
chara = player.Character

ch = chara:GetChildren()
for i = 1, #ch do
if ch[i].Name == "Torso" then
ch[i].roblox.Transparency = 1
elseif ch[i].Name == "Head" then
ch[i].face.Transparency = 1
ch[i].Transparency = 1
elseif ch[i].ClassName == "Accessory" or ch[i].ClassName == "Shirt" or ch[i].ClassName == "Pants" or ch[i].ClassName == "ShirtGraphic" then
ch[i]:Destroy()
end
end

chara["Left Arm"].BrickColor = BrickColor.new("Cool yellow")
chara["Right Arm"].BrickColor = BrickColor.new("Cool yellow")
chara["Left Leg"].BrickColor = BrickColor.new("Medium blue")
chara["Right Leg"].BrickColor = BrickColor.new("Medium blue")
chara.Torso.BrickColor = BrickColor.new("Bright yellow")

--Outfit--
New = function(Object, Parent, Name, Data)
	local Object = Instance.new(Object)
	for Index, Value in pairs(Data or {}) do
		Object[Index] = Value
	end
	Object.Parent = Parent
	Object.Name = Name
	return Object
end

function ScatterEff(part)
local eff1 = Instance.new("ParticleEmitter",part)
eff1.Size = NumberSequence.new(.1)
eff1.Transparency = NumberSequence.new({NumberSequenceKeypoint.new(0,0),NumberSequenceKeypoint.new(.9,0),NumberSequenceKeypoint.new(1,1)})
eff1.LightEmission = 1
eff1.Lifetime = NumberRange.new(1)
eff1.Speed = NumberRange.new(1)
eff1.Rate = 100
eff1.VelocitySpread = 10000
eff1.Texture = "rbxassetid://347504241"
eff1.Color = ColorSequence.new(Color3.new(1,0,0))
local eff2 = Instance.new("ParticleEmitter",part)
eff2.Size = NumberSequence.new(.1)
eff2.Transparency = NumberSequence.new({NumberSequenceKeypoint.new(0,0),NumberSequenceKeypoint.new(.9,0),NumberSequenceKeypoint.new(1,1)})
eff2.LightEmission = 1
eff2.Lifetime = NumberRange.new(1)
eff2.Speed = NumberRange.new(1)
eff2.Rate = 100
eff2.VelocitySpread = 10000
eff2.Texture = "rbxassetid://347504259"
eff2.Color = ColorSequence.new(Color3.new(1,0,0))
end

function BurningEff(part)
local eff1 = Instance.new("ParticleEmitter",part)
eff1.Size = NumberSequence.new(.1)
eff1.Transparency = NumberSequence.new({NumberSequenceKeypoint.new(0,0),NumberSequenceKeypoint.new(.2,0),NumberSequenceKeypoint.new(1,1)})
eff1.LightEmission = 1
eff1.Lifetime = NumberRange.new(1)
eff1.Speed = NumberRange.new(0)
eff1.Rate = 100
eff1.Texture = "rbxassetid://347504241"
eff1.Acceleration = Vector3.new(0,10,0)
eff1.Color = ColorSequence.new(Color3.new(1,0,0))
local eff2 = Instance.new("ParticleEmitter",part)
eff2.Size = NumberSequence.new(.1)
eff2.Transparency = NumberSequence.new({NumberSequenceKeypoint.new(0,0),NumberSequenceKeypoint.new(.2,0),NumberSequenceKeypoint.new(1,1)})
eff2.LightEmission = 1
eff2.Lifetime = NumberRange.new(1)
eff2.Speed = NumberRange.new(0)
eff2.Rate = 100
eff2.Texture = "rbxassetid://347504259"
eff2.Acceleration = Vector3.new(0,10,0)
eff2.Color = ColorSequence.new(Color3.new(1,0,0))
local eff3 = Instance.new("ParticleEmitter",part)
eff3.Size = NumberSequence.new(1)
eff3.Transparency = NumberSequence.new({NumberSequenceKeypoint.new(0,0),NumberSequenceKeypoint.new(1,1)})
eff3.LightEmission = 1
eff3.Lifetime = NumberRange.new(1)
eff3.Speed = NumberRange.new(0)
eff3.Rate = 100
eff3.Texture = "rbxasset://textures/particles/fire_main.dds"
eff3.Acceleration = Vector3.new(0,10,0)
eff3.Color = ColorSequence.new(Color3.new(1,0,0))
end

FakeHead = New("Model",chara,"FakeHead",{})
MainPart = New("Part",FakeHead,"MainPart",{FormFactor = Enum.FormFactor.Symmetric,Size = Vector3.new(2, 1, 1),CFrame = CFrame.new(2.29537678, 7.81603718, 0.746068954, 0.00980896503, 0.00110200304, 0.999957919, -0.000536994543, 1.00000548, -0.00109680078, -0.99994874, -0.0005262224, 0.00980964955),CanCollide = false,TopSurface = Enum.SurfaceType.Smooth,})
Mesh = New("SpecialMesh",MainPart,"Mesh",{Scale = Vector3.new(1.25, 1.25, 1.25),})
face = New("Decal",MainPart,"face",{Texture = "rbxasset://textures/face.png",})
Weld = New("ManualWeld",MainPart,"Weld",{Part0 = MainPart,Part1 = chara.Head,C0 = CFrame.new(0, 0, 0, 0.00980896503, -0.000536994543, -0.99994874, 0.00110200304, 1.00000548, -0.0005262224, 0.999957919, -0.00109680078, 0.00980964955),C1 = CFrame.new(5.96046448e-008, -8.58306885e-006, 0, 0.00980896503, -0.000536994543, -0.99994874, 0.00110200304, 1.00000548, -0.0005262224, 0.999957919, -0.00109680078, 0.00980964955),})
FakeHead.MainPart.BrickColor = BrickColor.new("Cool yellow")
EyeFire = New("Part",FakeHead,"EyeFire",{BrickColor = BrickColor.new("Really red"),Material = Enum.Material.Neon,Size = Vector3.new(0.400000006, 0.200000003, 0.200000003),CFrame = CFrame.new(1.69668579, 8.11665249, 0.640022159, -0.00107900088, 0.999958038, -0.00980941113, -1.0000056, -0.00107390946, 0.000525554642, 0.000515007298, 0.00981007144, 0.999948859),CanCollide = false,Color = Color3.new(1, 0, 0),})
Mesh = New("CylinderMesh",EyeFire,"Mesh",{Offset = Vector3.new(0.0500000007, 0, -0.0399999991),Scale = Vector3.new(1, 0.150000006, 1),})
Weld = New("ManualWeld",EyeFire,"Weld",{Part0 = EyeFire,Part1 = MainPart,C0 = CFrame.new(0, 0, 0, -0.0010790003, -0.999999344, 0.000515000196, 0.999951363, -0.0010738963, 0.00981000345, -0.00980944186, 0.000525560055, 0.99995178),C1 = CFrame.new(0.100008011, 0.300009251, -0.600027919, 0.00980899762, -0.000536999898, -0.99995178, 0.00110200245, 0.999999344, -0.000526215415, 0.999951363, -0.00109678751, 0.00980958249),})
Chest = New("Model",chara,"Chest",{})
MainPart = New("Part",Chest,"MainPart",{Transparency = 1,Transparency = 1,FormFactor = Enum.FormFactor.Symmetric,Size = Vector3.new(2, 2, 1),CFrame = CFrame.new(2.2937007, 6.31611967, 0.746871948, 0.00980956201, 0.00110224239, 0.999954581, -0.000537135813, 1.00000238, -0.00109703222, -0.99995023, -0.000526354474, 0.00981019717),CanCollide = false,LeftSurface = Enum.SurfaceType.Weld,RightSurface = Enum.SurfaceType.Weld,})
Weld = New("ManualWeld",MainPart,"Weld",{Part0 = MainPart,Part1 = chara.Torso,C0 = CFrame.new(0, 0, 0, 0.009809535, -0.000537137908, -0.99994725, 0.00110225554, 1.00000858, -0.000526368851, 0.999961257, -0.00109705783, 0.00981026888),C1 = CFrame.new(5.96046448e-008, -9.05990601e-006, -2.38418579e-007, 0.00980956666, -0.000537143264, -0.99995023, 0.00110225484, 1.00000238, -0.000526361808, 0.999954581, -0.00109704456, 0.00981020182),})
CorruptedPart = New("Part",Chest,"CorruptedPart",{BrickColor = BrickColor.new("Really black"),Material = Enum.Material.Granite,Size = Vector3.new(0.400000006, 0.800000072, 1),CFrame = CFrame.new(2.28977966, 7.11656427, 1.34486222, -0.00110228383, -0.00980954897, -0.9999578, -1.00000536, 0.000536905834, 0.00109708123, 0.000526248943, 0.99994868, -0.00981033035),CanCollide = false,BackSurface = Enum.SurfaceType.SmoothNoOutlines,BottomSurface = Enum.SurfaceType.SmoothNoOutlines,FrontSurface = Enum.SurfaceType.SmoothNoOutlines,LeftSurface = Enum.SurfaceType.SmoothNoOutlines,RightSurface = Enum.SurfaceType.SmoothNoOutlines,TopSurface = Enum.SurfaceType.SmoothNoOutlines,Color = Color3.new(0.0666667, 0.0666667, 0.0666667),})
Mesh = New("BlockMesh",CorruptedPart,"Mesh",{Scale = Vector3.new(1.10000002, 1.10000002, 1.10000002),})
Weld = New("ManualWeld",CorruptedPart,"Weld",{Part0 = CorruptedPart,Part1 = MainPart,C0 = CFrame.new(0, 0, 0, -0.0011022957, -0.999999225, 0.000526249292, -0.00980958622, 0.000536918582, 0.99995172, -0.999951243, 0.0010970803, -0.00981026702),C1 = CFrame.new(-0.598430753, 0.800122261, 0.00106739998, 0.00980956666, -0.000537143264, -0.99995023, 0.00110225484, 1.00000238, -0.000526361808, 0.999954581, -0.00109704456, 0.00981020182),})
CorruptedPart = New("Part",Chest,"CorruptedPart",{BrickColor = BrickColor.new("Really black"),Material = Enum.Material.Granite,Size = Vector3.new(0.400000006, 0.400000066, 1),CFrame = CFrame.new(2.29174757, 6.71645212, 1.54485857, -0.00110228383, -0.00980954897, -0.9999578, -1.00000536, 0.000536905834, 0.00109708123, 0.000526248943, 0.99994868, -0.00981033035),CanCollide = false,BackSurface = Enum.SurfaceType.SmoothNoOutlines,BottomSurface = Enum.SurfaceType.SmoothNoOutlines,FrontSurface = Enum.SurfaceType.SmoothNoOutlines,LeftSurface = Enum.SurfaceType.SmoothNoOutlines,RightSurface = Enum.SurfaceType.SmoothNoOutlines,TopSurface = Enum.SurfaceType.SmoothNoOutlines,Color = Color3.new(0.0666667, 0.0666667, 0.0666667),})
Mesh = New("BlockMesh",CorruptedPart,"Mesh",{Scale = Vector3.new(1.10000002, 1.10000002, 1.10000002),})
Weld = New("ManualWeld",CorruptedPart,"Weld",{Part0 = CorruptedPart,Part1 = MainPart,C0 = CFrame.new(0, 0, 0, -0.0011022957, -0.999999225, 0.000526249292, -0.00980958622, 0.000536918582, 0.99995172, -0.999951243, 0.0010970803, -0.00981026702),C1 = CFrame.new(-0.798183441, 0.399908543, 0.00543618202, 0.00980956666, -0.000537143264, -0.99995023, 0.00110225484, 1.00000238, -0.000526361808, 0.999954581, -0.00109704456, 0.00981020182),})
LeftArm = New("Model",chara,"LeftArm",{})
MainPart = New("Part",LeftArm,"MainPart",{Transparency = 1,Transparency = 1,FormFactor = Enum.FormFactor.Symmetric,Size = Vector3.new(1, 2, 1),CFrame = CFrame.new(1.90889204, 6.31596565, 3.24640989, -0.0484240092, -0.0324009918, 0.998301268, -0.00117100019, 0.999474883, 0.0323822871, -0.998826265, 0.000399069104, -0.0484365262),CanCollide = false,})
Weld = New("ManualWeld",MainPart,"Weld",{Part0 = MainPart,Part1 = chara["Left Arm"],C0 = CFrame.new(0, 0, 0, -0.0484240092, -0.00117100019, -0.998826265, -0.0324009918, 0.999474883, 0.000399069104, 0.998301268, 0.0323822871, -0.0484365262),C1 = CFrame.new(0, -8.10623169e-006, -2.38418579e-007, -0.0484240092, -0.00117100019, -0.998826265, -0.0324009918, 0.999474883, 0.000399069104, 0.998301268, 0.0323822871, -0.0484365262),})
CorruptedPart = New("Part",LeftArm,"CorruptedPart",{BrickColor = BrickColor.new("Really black"),Material = Enum.Material.Granite,Size = Vector3.new(0.200000003, 0.400000006, 0.200000003),CFrame = CFrame.new(1.48370504, 6.50245714, 2.8663168, -0.048417028, -0.0324150361, 0.998301387, -0.00116700074, 0.999474525, 0.03239654, -0.998826742, 0.000403525919, -0.0484294258),CanCollide = false,BackSurface = Enum.SurfaceType.SmoothNoOutlines,BottomSurface = Enum.SurfaceType.SmoothNoOutlines,FrontSurface = Enum.SurfaceType.SmoothNoOutlines,LeftSurface = Enum.SurfaceType.SmoothNoOutlines,RightSurface = Enum.SurfaceType.SmoothNoOutlines,TopSurface = Enum.SurfaceType.SmoothNoOutlines,Color = Color3.new(0.0666667, 0.0666667, 0.0666667),})
Mesh = New("BlockMesh",CorruptedPart,"Mesh",{Scale = Vector3.new(1.10000002, 1.10000002, 1.10000002),})
Weld = New("ManualWeld",CorruptedPart,"Weld",{Part0 = CorruptedPart,Part1 = MainPart,C0 = CFrame.new(0, 0, 0, -0.048417028, -0.00116700074, -0.998826623, -0.0324150361, 0.999474466, 0.000403525832, 0.998301208, 0.0323965363, -0.0484294109),C1 = CFrame.new(0.400017738, 0.200018406, -0.400015235, -0.0484240092, -0.00117100019, -0.998826265, -0.0324009918, 0.999474883, 0.000399069104, 0.998301268, 0.0323822871, -0.0484365262),})
CorruptedPart = New("Part",LeftArm,"CorruptedPart",{BrickColor = BrickColor.new("Really black"),Material = Enum.Material.Granite,Size = Vector3.new(0.200000003, 0.600000024, 0.200000003),CFrame = CFrame.new(1.51924801, 6.60332775, 3.66543078, -0.048417028, -0.0324150361, 0.998301387, -0.00116700074, 0.999474525, 0.03239654, -0.998826742, 0.000403525919, -0.0484294258),CanCollide = false,BackSurface = Enum.SurfaceType.SmoothNoOutlines,BottomSurface = Enum.SurfaceType.SmoothNoOutlines,FrontSurface = Enum.SurfaceType.SmoothNoOutlines,LeftSurface = Enum.SurfaceType.SmoothNoOutlines,RightSurface = Enum.SurfaceType.SmoothNoOutlines,TopSurface = Enum.SurfaceType.SmoothNoOutlines,Color = Color3.new(0.0666667, 0.0666667, 0.0666667),})
Mesh = New("BlockMesh",CorruptedPart,"Mesh",{Scale = Vector3.new(1.10000002, 1.10000002, 1.10000002),})
Weld = New("ManualWeld",CorruptedPart,"Weld",{Part0 = CorruptedPart,Part1 = MainPart,C0 = CFrame.new(0, 0, 0, -0.048417028, -0.00116700074, -0.998826623, -0.0324150361, 0.999474466, 0.000403525832, 0.998301208, 0.0323965363, -0.0484294109),C1 = CFrame.new(-0.399997473, 0.300003052, -0.399972558, -0.0484240092, -0.00117100019, -0.998826265, -0.0324009918, 0.999474883, 0.000399069104, 0.998301268, 0.0323822871, -0.0484365262),})
EffCorruptedPart = New("Part",LeftArm,"EffCorruptedPart",{BrickColor = BrickColor.new("Really black"),Material = Enum.Material.Granite,Size = Vector3.new(1, 1, 1),CFrame = CFrame.new(1.92512023, 5.81624889, 3.24619365, -0.048417028, -0.0324150361, 0.998301387, -0.00116700074, 0.999474525, 0.03239654, -0.998826742, 0.000403525919, -0.0484294258),CanCollide = false,BackSurface = Enum.SurfaceType.SmoothNoOutlines,BottomSurface = Enum.SurfaceType.SmoothNoOutlines,FrontSurface = Enum.SurfaceType.SmoothNoOutlines,LeftSurface = Enum.SurfaceType.SmoothNoOutlines,RightSurface = Enum.SurfaceType.SmoothNoOutlines,TopSurface = Enum.SurfaceType.SmoothNoOutlines,Color = Color3.new(0.0666667, 0.0666667, 0.0666667),})
Mesh = New("BlockMesh",EffCorruptedPart,"Mesh",{Scale = Vector3.new(1.10000002, 1.10000002, 1.10000002),})
Weld = New("ManualWeld",EffCorruptedPart,"Weld",{Part0 = EffCorruptedPart,Part1 = MainPart,C0 = CFrame.new(0, 0, 0, -0.048417028, -0.00116700074, -0.998826623, -0.0324150361, 0.999474466, 0.000403525832, 0.998301208, 0.0323965363, -0.0484294109),C1 = CFrame.new(1.52587891e-005, -0.49998045, 2.90870667e-005, -0.0484240092, -0.00117100019, -0.998826265, -0.0324009918, 0.999474883, 0.000399069104, 0.998301268, 0.0323822871, -0.0484365262),})
CorruptedPart = New("Part",LeftArm,"CorruptedPart",{BrickColor = BrickColor.new("Really black"),Material = Enum.Material.Granite,Size = Vector3.new(0.200000003, 0.800000072, 0.200000003),CFrame = CFrame.new(2.31463432, 6.72918367, 3.62673688, -0.048417028, -0.0324150361, 0.998301387, -0.00116700074, 0.999474525, 0.03239654, -0.998826742, 0.000403525919, -0.0484294258),CanCollide = false,BackSurface = Enum.SurfaceType.SmoothNoOutlines,BottomSurface = Enum.SurfaceType.SmoothNoOutlines,FrontSurface = Enum.SurfaceType.SmoothNoOutlines,LeftSurface = Enum.SurfaceType.SmoothNoOutlines,RightSurface = Enum.SurfaceType.SmoothNoOutlines,TopSurface = Enum.SurfaceType.SmoothNoOutlines,Color = Color3.new(0.0666667, 0.0666667, 0.0666667),})
Mesh = New("BlockMesh",CorruptedPart,"Mesh",{Scale = Vector3.new(1.10000002, 1.10000002, 1.10000002),})
Weld = New("ManualWeld",CorruptedPart,"Weld",{Part0 = CorruptedPart,Part1 = MainPart,C0 = CFrame.new(0, 0, 0, -0.048417028, -0.00116700074, -0.998826623, -0.0324150361, 0.999474466, 0.000403525832, 0.998301208, 0.0323965363, -0.0484294109),C1 = CFrame.new(-0.400012016, 0.400006294, 0.400012136, -0.0484240092, -0.00117100019, -0.998826265, -0.0324009918, 0.999474883, 0.000399069104, 0.998301268, 0.0323822871, -0.0484365262),})
CorruptedPart = New("Part",LeftArm,"CorruptedPart",{BrickColor = BrickColor.new("Really black"),Material = Enum.Material.Granite,Size = Vector3.new(0.200000003, 0.200000003, 0.200000003),CFrame = CFrame.new(1.50631011, 6.40297413, 3.26581192, -0.048417028, -0.0324150361, 0.998301387, -0.00116700074, 0.999474525, 0.03239654, -0.998826742, 0.000403525919, -0.0484294258),CanCollide = false,BackSurface = Enum.SurfaceType.SmoothNoOutlines,BottomSurface = Enum.SurfaceType.SmoothNoOutlines,FrontSurface = Enum.SurfaceType.SmoothNoOutlines,LeftSurface = Enum.SurfaceType.SmoothNoOutlines,RightSurface = Enum.SurfaceType.SmoothNoOutlines,TopSurface = Enum.SurfaceType.SmoothNoOutlines,Color = Color3.new(0.0666667, 0.0666667, 0.0666667),})
Mesh = New("BlockMesh",CorruptedPart,"Mesh",{Scale = Vector3.new(1.10000002, 1.10000002, 1.10000002),})
Weld = New("ManualWeld",CorruptedPart,"Weld",{Part0 = CorruptedPart,Part1 = MainPart,C0 = CFrame.new(0, 0, 0, -0.048417028, -0.00116700074, -0.998826623, -0.0324150361, 0.999474466, 0.000403525832, 0.998301208, 0.0323965363, -0.0484294109),C1 = CFrame.new(1.3589859e-005, 0.100014687, -0.400020242, -0.0484240092, -0.00117100019, -0.998826265, -0.0324009918, 0.999474883, 0.000399069104, 0.998301268, 0.0323822871, -0.0484365262),})
CorruptedPart = New("Part",LeftArm,"CorruptedPart",{BrickColor = BrickColor.new("Really black"),Material = Enum.Material.Granite,Size = Vector3.new(0.200000003, 0.400000036, 0.200000003),CFrame = CFrame.new(1.92179501, 6.51633835, 3.64602208, -0.048417028, -0.0324150361, 0.998301387, -0.00116700074, 0.999474525, 0.03239654, -0.998826742, 0.000403525919, -0.0484294258),CanCollide = false,BackSurface = Enum.SurfaceType.SmoothNoOutlines,BottomSurface = Enum.SurfaceType.SmoothNoOutlines,FrontSurface = Enum.SurfaceType.SmoothNoOutlines,LeftSurface = Enum.SurfaceType.SmoothNoOutlines,RightSurface = Enum.SurfaceType.SmoothNoOutlines,TopSurface = Enum.SurfaceType.SmoothNoOutlines,Color = Color3.new(0.0666667, 0.0666667, 0.0666667),})
Mesh = New("BlockMesh",CorruptedPart,"Mesh",{Scale = Vector3.new(1.10000002, 1.10000002, 1.10000002),})
Weld = New("ManualWeld",CorruptedPart,"Weld",{Part0 = CorruptedPart,Part1 = MainPart,C0 = CFrame.new(0, 0, 0, -0.048417028, -0.00116700074, -0.998826623, -0.0324150361, 0.999474466, 0.000403525832, 0.998301208, 0.0323965363, -0.0484294109),C1 = CFrame.new(-0.40000248, 0.200008869, 1.37090683e-005, -0.0484240092, -0.00117100019, -0.998826265, -0.0324009918, 0.999474883, 0.000399069104, 0.998301268, 0.0323822871, -0.0484365262),})
BurningEff(EffCorruptedPart)
LeftLeg = New("Model",chara,"LeftLeg",{})
MainPart = New("Part",LeftLeg,"MainPart",{Transparency = 1,Transparency = 1,FormFactor = Enum.FormFactor.Symmetric,Size = Vector3.new(1, 2, 1),CFrame = CFrame.new(2.2865479, 1.31659603, 1.24781799, 0.00980953407, 0.00110225566, 0.999961138, -0.000537137908, 1.00000858, -0.00109705783, -0.99994719, -0.000526368851, 0.00981026888),CanCollide = false,BottomSurface = Enum.SurfaceType.Smooth,})
Weld = New("ManualWeld",MainPart,"Weld",{Part0 = MainPart,Part1 = chara["Left Leg"],C0 = CFrame.new(0, 0, 0, 0.00980953407, -0.000537137908, -0.99994719, 0.00110225566, 1.00000858, -0.000526368851, 0.999961138, -0.00109705783, 0.00981026888),C1 = CFrame.new(0, -8.58306885e-006, -2.38418579e-007, 0.00980953407, -0.000537137908, -0.99994719, 0.00110225566, 1.00000858, -0.000526368851, 0.999961138, -0.00109705783, 0.00981026888),})
EffCorruptedPart = New("Part",LeftLeg,"EffCorruptedPart",{BrickColor = BrickColor.new("Really black"),Material = Enum.Material.Granite,Size = Vector3.new(1, 0.200000048, 1),CFrame = CFrame.new(2.28007793, 0.400032878, 1.25993299, 1.00001979, -3.03611159e-007, -5.47617674e-007, 5.67175448e-007, 1.00001717, -5.60779881e-007, -1.86450779e-006, 9.50574758e-007, 0.99998951),CanCollide = false,BackSurface = Enum.SurfaceType.SmoothNoOutlines,BottomSurface = Enum.SurfaceType.SmoothNoOutlines,FrontSurface = Enum.SurfaceType.SmoothNoOutlines,LeftSurface = Enum.SurfaceType.SmoothNoOutlines,RightSurface = Enum.SurfaceType.SmoothNoOutlines,TopSurface = Enum.SurfaceType.SmoothNoOutlines,Color = Color3.new(0.0666667, 0.0666667, 0.0666667),})
Mesh = New("BlockMesh",EffCorruptedPart,"Mesh",{Scale = Vector3.new(1.10000002, 1.10000002, 1.10000002),})
Weld = New("ManualWeld",EffCorruptedPart,"Weld",{Part0 = EffCorruptedPart,Part1 = MainPart,C0 = CFrame.new(0, 0, 0, 1, 5.86369708e-007, -2.15602267e-006, -2.8440752e-007, 0.999998569, 9.76819592e-007, -8.39119252e-007, -5.34477465e-007, 0.999998569),C1 = CFrame.new(-0.0116856098, -0.916567385, -0.00534534454, 0.00980953407, -0.000537137908, -0.99994719, 0.00110225566, 1.00000858, -0.000526368851, 0.999961138, -0.00109705783, 0.00981026888),})
CorruptedPart = New("Part",LeftLeg,"CorruptedPart",{BrickColor = BrickColor.new("Really black"),Material = Enum.Material.Granite,Size = Vector3.new(0.200000003, 0.600000024, 0.200000003),CFrame = CFrame.new(1.88013697, 0.800038397, 0.859943509, 1.00001979, -3.03611159e-007, -5.47617674e-007, 5.67175448e-007, 1.00001717, -5.60779881e-007, -1.86450779e-006, 9.50574758e-007, 0.99998951),CanCollide = false,BackSurface = Enum.SurfaceType.SmoothNoOutlines,BottomSurface = Enum.SurfaceType.SmoothNoOutlines,FrontSurface = Enum.SurfaceType.SmoothNoOutlines,LeftSurface = Enum.SurfaceType.SmoothNoOutlines,RightSurface = Enum.SurfaceType.SmoothNoOutlines,TopSurface = Enum.SurfaceType.SmoothNoOutlines,Color = Color3.new(0.0666667, 0.0666667, 0.0666667),})
Mesh = New("BlockMesh",CorruptedPart,"Mesh",{Scale = Vector3.new(1.10000002, 1.10000002, 1.10000002),})
Weld = New("ManualWeld",CorruptedPart,"Weld",{Part0 = CorruptedPart,Part1 = MainPart,C0 = CFrame.new(0, 0, 0, 1, 5.86369708e-007, -2.15602267e-006, -2.8440752e-007, 0.999998569, 9.76819592e-007, -8.39119252e-007, -5.34477465e-007, 0.999998569),C1 = CFrame.new(0.3841483, -0.516796231, -0.40962553, 0.00980953407, -0.000537137908, -0.99994719, 0.00110225566, 1.00000858, -0.000526368851, 0.999961138, -0.00109705783, 0.00981026888),})
CorruptedPart = New("Part",LeftLeg,"CorruptedPart",{BrickColor = BrickColor.new("Really black"),Material = Enum.Material.Granite,Size = Vector3.new(0.200000003, 0.800000012, 0.200000003),CFrame = CFrame.new(2.69002914, 0.915953577, 0.851962805, 0.999971032, 0.0011022269, -0.00980960391, -0.00109704852, 1.00001776, 0.000537177373, 0.00981036108, -0.000526409131, 0.999942601),CanCollide = false,BackSurface = Enum.SurfaceType.SmoothNoOutlines,BottomSurface = Enum.SurfaceType.SmoothNoOutlines,FrontSurface = Enum.SurfaceType.SmoothNoOutlines,LeftSurface = Enum.SurfaceType.SmoothNoOutlines,RightSurface = Enum.SurfaceType.SmoothNoOutlines,TopSurface = Enum.SurfaceType.SmoothNoOutlines,Color = Color3.new(0.0666667, 0.0666667, 0.0666667),})
Mesh = New("BlockMesh",CorruptedPart,"Mesh",{Scale = Vector3.new(1.10000002, 1.10000002, 1.10000002),})
Weld = New("ManualWeld",CorruptedPart,"Weld",{Part0 = CorruptedPart,Part1 = MainPart,C0 = CFrame.new(0, 0, 0, 0.999951303, -0.0010970087, 0.00981015898, 0.00110222446, 0.999999166, -0.000526388001, -0.00980970077, 0.00053719338, 0.99995172),C1 = CFrame.new(0.400011122, -0.399985313, 0.400013685, 0.00980953407, -0.000537137908, -0.99994719, 0.00110225566, 1.00000858, -0.000526368851, 0.999961138, -0.00109705783, 0.00981026888),})
CorruptedPart = New("Part",LeftLeg,"CorruptedPart",{BrickColor = BrickColor.new("Really black"),Material = Enum.Material.Granite,Size = Vector3.new(0.200000003, 0.800000012, 0.200000003),CFrame = CFrame.new(1.88013721, 0.900040269, 1.65993917, 1.00001979, -3.03611159e-007, -5.47617674e-007, 5.67175448e-007, 1.00001717, -5.60779881e-007, -1.86450779e-006, 9.50574758e-007, 0.99998951),CanCollide = false,BackSurface = Enum.SurfaceType.SmoothNoOutlines,BottomSurface = Enum.SurfaceType.SmoothNoOutlines,FrontSurface = Enum.SurfaceType.SmoothNoOutlines,LeftSurface = Enum.SurfaceType.SmoothNoOutlines,RightSurface = Enum.SurfaceType.SmoothNoOutlines,TopSurface = Enum.SurfaceType.SmoothNoOutlines,Color = Color3.new(0.0666667, 0.0666667, 0.0666667),})
Mesh = New("BlockMesh",CorruptedPart,"Mesh",{Scale = Vector3.new(1.10000002, 1.10000002, 1.10000002),})
Weld = New("ManualWeld",CorruptedPart,"Weld",{Part0 = CorruptedPart,Part1 = MainPart,C0 = CFrame.new(0, 0, 0, 1, 5.86369708e-007, -2.15602267e-006, -2.8440752e-007, 0.999998569, 9.76819592e-007, -8.39119252e-007, -5.34477465e-007, 0.999998569),C1 = CFrame.new(-0.415866137, -0.41721642, -0.40188694, 0.00980953407, -0.000537137908, -0.99994719, 0.00110225566, 1.00000858, -0.000526368851, 0.999961138, -0.00109705783, 0.00981026888),})
CorruptedPart = New("Part",LeftLeg,"CorruptedPart",{BrickColor = BrickColor.new("Really black"),Material = Enum.Material.Granite,Size = Vector3.new(0.200000003, 0.200000003, 0.200000003),CFrame = CFrame.new(1.88013721, 0.600035727, 1.25993288, 1.00001979, -3.03611159e-007, -5.47617674e-007, 5.67175448e-007, 1.00001717, -5.60779881e-007, -1.86450779e-006, 9.50574758e-007, 0.99998951),CanCollide = false,BackSurface = Enum.SurfaceType.SmoothNoOutlines,BottomSurface = Enum.SurfaceType.SmoothNoOutlines,FrontSurface = Enum.SurfaceType.SmoothNoOutlines,LeftSurface = Enum.SurfaceType.SmoothNoOutlines,RightSurface = Enum.SurfaceType.SmoothNoOutlines,TopSurface = Enum.SurfaceType.SmoothNoOutlines,Color = Color3.new(0.0666667, 0.0666667, 0.0666667),})
Mesh = New("BlockMesh",CorruptedPart,"Mesh",{Scale = Vector3.new(1.10000002, 1.10000002, 1.10000002),})
Weld = New("ManualWeld",CorruptedPart,"Weld",{Part0 = CorruptedPart,Part1 = MainPart,C0 = CFrame.new(0, 0, 0, 1, 5.86369708e-007, -2.15602267e-006, -2.8440752e-007, 0.999998569, 9.76819592e-007, -8.39119252e-007, -5.34477465e-007, 0.999998569),C1 = CFrame.new(-0.0157161951, -0.717007458, -0.405481935, 0.00980953407, -0.000537137908, -0.99994719, 0.00110225566, 1.00000858, -0.000526368851, 0.999961138, -0.00109705783, 0.00981026888),})
CorruptedPart = New("Part",LeftLeg,"CorruptedPart",{BrickColor = BrickColor.new("Really black"),Material = Enum.Material.Granite,Size = Vector3.new(0.200000003, 0.400000006, 0.200000003),CFrame = CFrame.new(2.28007793, 0.700037479, 1.65993929, 1.00001967, -3.84054147e-007, 3.90969217e-006, 6.35045581e-007, 1.00001717, -5.60838998e-007, -6.19795173e-006, 9.32147486e-007, 0.99998951),CanCollide = false,BackSurface = Enum.SurfaceType.SmoothNoOutlines,BottomSurface = Enum.SurfaceType.SmoothNoOutlines,FrontSurface = Enum.SurfaceType.SmoothNoOutlines,LeftSurface = Enum.SurfaceType.SmoothNoOutlines,RightSurface = Enum.SurfaceType.SmoothNoOutlines,TopSurface = Enum.SurfaceType.SmoothNoOutlines,Color = Color3.new(0.0666667, 0.0666667, 0.0666667),})
Mesh = New("BlockMesh",CorruptedPart,"Mesh",{Scale = Vector3.new(1.10000002, 1.10000002, 1.10000002),})
Weld = New("ManualWeld",CorruptedPart,"Weld",{Part0 = CorruptedPart,Part1 = MainPart,C0 = CFrame.new(0, 0, 0, 1, 6.5424797e-007, -6.48946025e-006, -3.64865258e-007, 0.999998629, 9.58411874e-007, 3.61912225e-006, -5.34497644e-007, 0.999998629),C1 = CFrame.new(-0.411835551, -0.616776347, -0.00175023079, 0.00980953407, -0.000537137908, -0.99994719, 0.00110225566, 1.00000858, -0.000526368851, 0.999961138, -0.00109705783, 0.00981026888),})
CorruptedPart = New("Part",LeftLeg,"CorruptedPart",{BrickColor = BrickColor.new("Really black"),Material = Enum.Material.Granite,Size = Vector3.new(0.200000003, 1.20000005, 0.200000003),CFrame = CFrame.new(2.68018699, 1.10004401, 1.65993941, 1.00001967, -3.84054147e-007, 3.90969217e-006, 6.35045581e-007, 1.00001717, -5.60838998e-007, -6.19795173e-006, 9.32147486e-007, 0.99998951),CanCollide = false,BackSurface = Enum.SurfaceType.SmoothNoOutlines,BottomSurface = Enum.SurfaceType.SmoothNoOutlines,FrontSurface = Enum.SurfaceType.SmoothNoOutlines,LeftSurface = Enum.SurfaceType.SmoothNoOutlines,RightSurface = Enum.SurfaceType.SmoothNoOutlines,TopSurface = Enum.SurfaceType.SmoothNoOutlines,Color = Color3.new(0.0666667, 0.0666667, 0.0666667),})
Mesh = New("BlockMesh",CorruptedPart,"Mesh",{Scale = Vector3.new(1.10000002, 1.10000002, 1.10000002),})
Weld = New("ManualWeld",CorruptedPart,"Weld",{Part0 = CorruptedPart,Part1 = MainPart,C0 = CFrame.new(0, 0, 0, 1, 6.5424797e-007, -6.48946025e-006, -3.64865258e-007, 0.999998629, 9.58411874e-007, 3.61912225e-006, -5.34497644e-007, 0.999998629),C1 = CFrame.new(-0.408125639, -0.216332912, 0.397896528, 0.00980953407, -0.000537137908, -0.99994719, 0.00110225566, 1.00000858, -0.000526368851, 0.999961138, -0.00109705783, 0.00981026888),})
CorruptedPart = New("Part",LeftLeg,"CorruptedPart",{BrickColor = BrickColor.new("Really black"),Material = Enum.Material.Granite,Size = Vector3.new(0.200000003, 0.600000024, 0.200000003),CFrame = CFrame.new(2.68596959, 0.816166699, 1.25195313, 0.999971032, 0.0011022269, -0.00980960391, -0.00109704852, 1.00001776, 0.000537177373, 0.00981036108, -0.000526409131, 0.999942601),CanCollide = false,BackSurface = Enum.SurfaceType.SmoothNoOutlines,BottomSurface = Enum.SurfaceType.SmoothNoOutlines,FrontSurface = Enum.SurfaceType.SmoothNoOutlines,LeftSurface = Enum.SurfaceType.SmoothNoOutlines,RightSurface = Enum.SurfaceType.SmoothNoOutlines,TopSurface = Enum.SurfaceType.SmoothNoOutlines,Color = Color3.new(0.0666667, 0.0666667, 0.0666667),})
Mesh = New("BlockMesh",CorruptedPart,"Mesh",{Scale = Vector3.new(1.10000002, 1.10000002, 1.10000002),})
Weld = New("ManualWeld",CorruptedPart,"Weld",{Part0 = CorruptedPart,Part1 = MainPart,C0 = CFrame.new(0, 0, 0, 0.999951303, -0.0010970087, 0.00981015898, 0.00110222446, 0.999999166, -0.000526388001, -0.00980970077, 0.00053719338, 0.99995172),C1 = CFrame.new(5.20944595e-005, -0.499986172, 0.399987936, 0.00980953407, -0.000537137908, -0.99994719, 0.00110225566, 1.00000858, -0.000526368851, 0.999961138, -0.00109705783, 0.00981026888),})
ScatterEff(EffCorruptedPart)
RightArm = New("Model",chara,"RightArm",{})
MainPart = New("Part",RightArm,"MainPart",{Transparency = 1,Transparency = 1,FormFactor = Enum.FormFactor.Symmetric,Size = Vector3.new(1, 2, 1),CFrame = CFrame.new(2.011096, 6.31690788, -3.92582893, 0.00918400101, -0.262283146, 0.964947343, 0.259330034, 0.932596445, 0.251021653, -0.965745091, 0.247934431, 0.0765828639),CanCollide = false,})
Weld = New("ManualWeld",MainPart,"Weld",{Part0 = MainPart,Part1 = chara["Right Arm"],C0 = CFrame.new(0, 0, 0, 0.00918400101, 0.259330034, -0.965745091, -0.262283146, 0.932596445, 0.247934431, 0.964947343, 0.251021653, 0.0765828639),C1 = CFrame.new(-2.86102295e-006, -9.05990601e-006, -2.38418579e-006, 0.00918400101, 0.259330034, -0.965745091, -0.262283146, 0.932596445, 0.247934431, 0.964947343, 0.251021653, 0.0765828639),})
Hitbox = New("Part",RightArm,"Hitbox",{BrickColor = BrickColor.new("Really black"),Transparency = 1,Transparency = 1,Size = Vector3.new(1, 4, 1),CFrame = CFrame.new(22.2733669, 5.0842762, -22.1737366, -0.964945257, -0.262290984, 0.00919180829, -0.251027077, 0.93259424, 0.259333313, -0.0765930116, 0.247935042, -0.965744138),CanCollide = false,BackSurface = Enum.SurfaceType.SmoothNoOutlines,BottomSurface = Enum.SurfaceType.SmoothNoOutlines,FrontSurface = Enum.SurfaceType.SmoothNoOutlines,LeftSurface = Enum.SurfaceType.SmoothNoOutlines,RightSurface = Enum.SurfaceType.SmoothNoOutlines,TopSurface = Enum.SurfaceType.SmoothNoOutlines,Color = Color3.new(0.0666667, 0.0666667, 0.0666667),})
Weld = New("ManualWeld",Hitbox,"Weld",{Part0 = Hitbox,Part1 = MainPart,C0 = CFrame.new(0, 0, 0, -0.964945257, -0.251027077, -0.0765930116, -0.262290984, 0.93259424, 0.247935042, 0.00919180829, 0.259333313, -0.965744138),C1 = CFrame.new(-1.52587891e-005, -1.00003147, -1.71661377e-005, 0.0091838371, 0.259330064, -0.965745151, -0.262283117, 0.932596445, 0.247934505, 0.964947283, 0.251021653, 0.0765827149),})
CorruptedPart = New("Part",RightArm,"CorruptedPart",{BrickColor = BrickColor.new("Really black"),Material = Enum.Material.Granite,Size = Vector3.new(1, 2, 1),CFrame = CFrame.new(2.011096, 6.3169179, -3.92581391, -0.964945257, -0.262290984, 0.00919180829, -0.251027077, 0.93259424, 0.259333313, -0.0765930116, 0.247935042, -0.965744138),CanCollide = false,BackSurface = Enum.SurfaceType.SmoothNoOutlines,BottomSurface = Enum.SurfaceType.SmoothNoOutlines,FrontSurface = Enum.SurfaceType.SmoothNoOutlines,LeftSurface = Enum.SurfaceType.SmoothNoOutlines,RightSurface = Enum.SurfaceType.SmoothNoOutlines,TopSurface = Enum.SurfaceType.SmoothNoOutlines,Color = Color3.new(0.0666667, 0.0666667, 0.0666667),})
Mesh = New("BlockMesh",CorruptedPart,"Mesh",{Scale = Vector3.new(1.10000002, 1.10000002, 1.10000002),})
Weld = New("ManualWeld",CorruptedPart,"Weld",{Part0 = CorruptedPart,Part1 = MainPart,C0 = CFrame.new(0, 0, 0, -0.964945138, -0.251027018, -0.0765930042, -0.262290984, 0.932594121, 0.247935027, 0.00919180084, 0.259333313, -0.965744197),C1 = CFrame.new(-1.1920929e-005, 1.28746033e-005, 3.57627869e-006, 0.00918400101, 0.259330034, -0.965745091, -0.262283146, 0.932596445, 0.247934431, 0.964947343, 0.251021653, 0.0765828639),})
CorruptedPart = New("Part",RightArm,"CorruptedPart",{BrickColor = BrickColor.new("Really black"),Material = Enum.Material.Granite,Size = Vector3.new(1, 0.600000024, 0.400000036),CFrame = CFrame.new(2.14866924, 6.03215551, -4.72580194, -0.964945078, 0.262291819, -0.00918725226, -0.251029015, -0.932593465, -0.259333432, -0.0765890032, -0.247936144, 0.965744317),CanCollide = false,BackSurface = Enum.SurfaceType.SmoothNoOutlines,BottomSurface = Enum.SurfaceType.SmoothNoOutlines,FrontSurface = Enum.SurfaceType.SmoothNoOutlines,LeftSurface = Enum.SurfaceType.SmoothNoOutlines,RightSurface = Enum.SurfaceType.SmoothNoOutlines,TopSurface = Enum.SurfaceType.SmoothNoOutlines,Color = Color3.new(0.0666667, 0.0666667, 0.0666667),})
Mesh = New("SpecialMesh",CorruptedPart,"Mesh",{Scale = Vector3.new(1.10000002, 1.10000002, 1.10000002),MeshType = Enum.MeshType.Wedge,})
Weld = New("ManualWeld",CorruptedPart,"Weld",{Part0 = CorruptedPart,Part1 = MainPart,C0 = CFrame.new(0, 0, 0, -0.964944899, -0.251028955, -0.0765889958, 0.262291819, -0.932593465, -0.247936144, -0.00918724574, -0.259333432, 0.965744257),C1 = CFrame.new(0.699988842, -0.499982834, 7.62939453e-006, 0.00918400101, 0.259330034, -0.965745091, -0.262283146, 0.932596445, 0.247934431, 0.964947343, 0.251021653, 0.0765828639),})
CorruptedPart = New("Part",RightArm,"CorruptedPart",{BrickColor = BrickColor.new("Really black"),Material = Enum.Material.Granite,Size = Vector3.new(1, 1.20000005, 0.600000024),CFrame = CFrame.new(2.63876629, 4.02682734, -4.32773018, -0.964945078, 0.262291819, -0.00918725226, -0.251029015, -0.932593465, -0.259333432, -0.0765890032, -0.247936144, 0.965744317),CanCollide = false,BackSurface = Enum.SurfaceType.SmoothNoOutlines,BottomSurface = Enum.SurfaceType.SmoothNoOutlines,FrontSurface = Enum.SurfaceType.SmoothNoOutlines,LeftSurface = Enum.SurfaceType.SmoothNoOutlines,RightSurface = Enum.SurfaceType.SmoothNoOutlines,TopSurface = Enum.SurfaceType.SmoothNoOutlines,Color = Color3.new(0.0666667, 0.0666667, 0.0666667),})
Mesh = New("SpecialMesh",CorruptedPart,"Mesh",{Scale = Vector3.new(1.10000002, 1.10000002, 1.10000002),MeshType = Enum.MeshType.Wedge,})
Weld = New("ManualWeld",CorruptedPart,"Weld",{Part0 = CorruptedPart,Part1 = MainPart,C0 = CFrame.new(0, 0, 0, -0.964944899, -0.251028955, -0.0765889958, 0.262291819, -0.932593465, -0.247936144, -0.00918724574, -0.259333432, 0.965744257),C1 = CFrame.new(-0.199987888, -2.39999342, 3.02791595e-005, 0.00918400101, 0.259330034, -0.965745091, -0.262283146, 0.932596445, 0.247934431, 0.964947343, 0.251021653, 0.0765828639),})
CorruptedPart = New("Part",RightArm,"CorruptedPart",{BrickColor = BrickColor.new("Really black"),Material = Enum.Material.Granite,Size = Vector3.new(1, 1, 0.600000024),CFrame = CFrame.new(1.62134135, 7.81954479, -3.94021821, 0.964945078, -0.262291819, -0.00918725226, 0.251029015, 0.932593465, -0.259333432, 0.0765890032, 0.247936144, 0.965744317),CanCollide = false,BackSurface = Enum.SurfaceType.SmoothNoOutlines,BottomSurface = Enum.SurfaceType.SmoothNoOutlines,FrontSurface = Enum.SurfaceType.SmoothNoOutlines,LeftSurface = Enum.SurfaceType.SmoothNoOutlines,RightSurface = Enum.SurfaceType.SmoothNoOutlines,TopSurface = Enum.SurfaceType.SmoothNoOutlines,Color = Color3.new(0.0666667, 0.0666667, 0.0666667),})
Mesh = New("SpecialMesh",CorruptedPart,"Mesh",{Scale = Vector3.new(1.10000002, 1.10000002, 1.10000002),MeshType = Enum.MeshType.Wedge,})
Weld = New("ManualWeld",CorruptedPart,"Weld",{Part0 = CorruptedPart,Part1 = MainPart,C0 = CFrame.new(0, 0, 0, 0.964944899, 0.251028955, 0.0765889958, -0.262291819, 0.932593465, 0.247936144, -0.00918724574, -0.259333432, 0.965744257),C1 = CFrame.new(0.399995804, 1.5000124, -2.38418579e-007, 0.00918400101, 0.259330034, -0.965745091, -0.262283146, 0.932596445, 0.247934431, 0.964947343, 0.251021653, 0.0765828639),})
CorruptedPart = New("Part",RightArm,"CorruptedPart",{BrickColor = BrickColor.new("Really black"),Material = Enum.Material.Granite,Size = Vector3.new(1, 0.600000024, 0.400000036),CFrame = CFrame.new(2.35483098, 5.18234444, -4.53787422, -0.964945078, 0.262291819, -0.00918725226, -0.251029015, -0.932593465, -0.259333432, -0.0765890032, -0.247936144, 0.965744317),CanCollide = false,BackSurface = Enum.SurfaceType.SmoothNoOutlines,BottomSurface = Enum.SurfaceType.SmoothNoOutlines,FrontSurface = Enum.SurfaceType.SmoothNoOutlines,LeftSurface = Enum.SurfaceType.SmoothNoOutlines,RightSurface = Enum.SurfaceType.SmoothNoOutlines,TopSurface = Enum.SurfaceType.SmoothNoOutlines,Color = Color3.new(0.0666667, 0.0666667, 0.0666667),})
Mesh = New("SpecialMesh",CorruptedPart,"Mesh",{Scale = Vector3.new(1.10000002, 1.10000002, 1.10000002),MeshType = Enum.MeshType.Wedge,})
Weld = New("ManualWeld",CorruptedPart,"Weld",{Part0 = CorruptedPart,Part1 = MainPart,C0 = CFrame.new(0, 0, 0, -0.964944899, -0.251028955, -0.0765889958, 0.262291819, -0.932593465, -0.247936144, -0.00918724574, -0.259333432, 0.965744257),C1 = CFrame.new(0.300010204, -1.29999256, 1.40666962e-005, 0.00918400101, 0.259330034, -0.965745091, -0.262283146, 0.932596445, 0.247934431, 0.964947343, 0.251021653, 0.0765828639),})
CorruptedPart = New("Part",RightArm,"CorruptedPart",{BrickColor = BrickColor.new("Really black"),Material = Enum.Material.Granite,Size = Vector3.new(1, 1, 0.600000024),CFrame = CFrame.new(1.88730097, 6.99068737, -4.57445002, -0.964945078, 0.262291819, -0.00918725226, -0.251029015, -0.932593465, -0.259333432, -0.0765890032, -0.247936144, 0.965744317),CanCollide = false,BackSurface = Enum.SurfaceType.SmoothNoOutlines,BottomSurface = Enum.SurfaceType.SmoothNoOutlines,FrontSurface = Enum.SurfaceType.SmoothNoOutlines,LeftSurface = Enum.SurfaceType.SmoothNoOutlines,RightSurface = Enum.SurfaceType.SmoothNoOutlines,TopSurface = Enum.SurfaceType.SmoothNoOutlines,Color = Color3.new(0.0666667, 0.0666667, 0.0666667),})
Mesh = New("SpecialMesh",CorruptedPart,"Mesh",{Scale = Vector3.new(1.10000002, 1.10000002, 1.10000002),MeshType = Enum.MeshType.Wedge,})
Weld = New("ManualWeld",CorruptedPart,"Weld",{Part0 = CorruptedPart,Part1 = MainPart,C0 = CFrame.new(0, 0, 0, -0.964944899, -0.251028955, -0.0765889958, 0.262291819, -0.932593465, -0.247936144, -0.00918724574, -0.259333432, 0.965744257),C1 = CFrame.new(0.799996853, 0.50001812, 4.29153442e-006, 0.00918400101, 0.259330034, -0.965745091, -0.262283146, 0.932596445, 0.247934431, 0.964947343, 0.251021653, 0.0765828639),})
CorruptedPart = New("Part",RightArm,"CorruptedPart",{BrickColor = BrickColor.new("Really black"),Material = Enum.Material.Granite,Size = Vector3.new(1, 0.800000072, 0.600000024),CFrame = CFrame.new(2.37646794, 4.9594202, -4.07979012, -0.964945316, -0.262290984, 0.00918756705, -0.251028091, 0.932593942, 0.259333163, -0.0765890256, 0.247935995, -0.965744197),CanCollide = false,BackSurface = Enum.SurfaceType.SmoothNoOutlines,BottomSurface = Enum.SurfaceType.SmoothNoOutlines,FrontSurface = Enum.SurfaceType.SmoothNoOutlines,LeftSurface = Enum.SurfaceType.SmoothNoOutlines,RightSurface = Enum.SurfaceType.SmoothNoOutlines,TopSurface = Enum.SurfaceType.SmoothNoOutlines,Color = Color3.new(0.0666667, 0.0666667, 0.0666667),})
Mesh = New("BlockMesh",CorruptedPart,"Mesh",{Scale = Vector3.new(1.10000002, 1.10000002, 1.10000002),})
Weld = New("ManualWeld",CorruptedPart,"Weld",{Part0 = CorruptedPart,Part1 = MainPart,C0 = CFrame.new(0, 0, 0, -0.964945138, -0.251028031, -0.0765890107, -0.262290955, 0.932593882, 0.247935966, 0.0091875596, 0.259333193, -0.965744257),C1 = CFrame.new(-0.199994564, -1.39999104, 1.52587891e-005, 0.00918400101, 0.259330034, -0.965745091, -0.262283146, 0.932596445, 0.247934431, 0.964947343, 0.251021653, 0.0765828639),})
RightLeg = New("Model",chara,"RightLeg",{})
MainPart = New("Part",RightLeg,"MainPart",{Transparency = 1,Transparency = 1,FormFactor = Enum.FormFactor.Symmetric,Size = Vector3.new(1, 2, 1),CFrame = CFrame.new(2.29641008, 1.31540966, 0.248092994, 0.00933599845, 0.00110999751, 0.999955773, -0.0030579993, 0.999994755, -0.00108149007, -0.99995178, -0.0030477671, 0.00933934376),CanCollide = false,BottomSurface = Enum.SurfaceType.Smooth,})
