local p = game.Players.LocalPlayer--300899323
local char = p.Character
local mouse = p:GetMouse()
local larm = char["Left Arm"]
local rarm = char["Right Arm"]
local lleg = char["Left Leg"]
local rleg = char["Right Leg"]
local hed = char.Head
local torso = char.Torso
local hum = char.Humanoid
local cam = game.Workspace.CurrentCamera
local root = char.HumanoidRootPart
local rj = root.RootJoint
local deb = false
local shot = 0
local stanceToggle = "Idle1"
local l = game:GetService("Lighting")
local rs = game:GetService("RunService").RenderStepped
local hb = game:GetService("RunService").Heartbeat
local Stepped = game:GetService("RunService").Stepped
math.randomseed(os.time())
hum.JumpPower = 100
hed.face:Remove()
----------------------------------------------------
fat = Instance.new("BindableEvent",script)
fat.Name = "Heartbeat"

script:WaitForChild("Heartbeat")

frame = 1/30
tf = 0
allowframeloss = false --if set to true will fire every frame it possibly can. This will result in multiple events happening at the same time whenever delta returns frame*2 or greater.
tossremainder = false --if set to true t will be set to 0 after Fire()-ing.
lastframe = tick()
script.Heartbeat:Fire() --ayy lmao

game:GetService("RunService").Heartbeat:connect(function(s,p) --herp derp
	tf = tf + s
	if tf >= frame then
		if allowframeloss then
			script.Heartbeat:Fire()
			lastframe=tick()
		else
			--print("FIRED "..math.floor(t/frame).." FRAME(S)","REMAINDER "..(t - frame*(math.floor(t/frame))))
			for i=1, math.floor(tf/frame) do
				script.Heartbeat:Fire()
			end
			lastframe=tick()
		end
		if tossremainder then
			tf = 0
		else
			tf = tf - frame * math.floor(tf/frame)
		end
	end
end)
----------------------------------------------------
for i,v in pairs(char:children()) do
    if v:IsA("Hat") then
        v:Destroy()
    end
end
for i,v in pairs (hed:GetChildren()) do
	if v:IsA("Sound") then
		v:Destroy()
	end
end
----------------------------------------------------
Debounces = {
CanAttack = true;
CanJoke = true;
NoIdl = false;
Slashing = false;
Slashed = false;
ks = false;
}
----------------------------------------------------
function weld5(part0, part1, c0, c1)
    weeld=Instance.new("Weld", part0)
    weeld.Part0=part0
    weeld.Part1=part1
    weeld.C0=c0
    weeld.C1=c1
    return weeld
end
----------------------------------------------------
function NewPart(prnt,siz,cf,trans,anc,mat,col)
	local prt=Instance.new("Part")
	prt.Parent=prnt
	prt.Name="Part"
	prt.Size=siz
	prt.CanCollide=false
	prt.Anchored=anc
	prt.Locked=true
	prt.Transparency = trans
	prt.TopSurface=10
	prt.BottomSurface=10
	prt.FrontSurface=10
	prt.BackSurface=10
	prt.LeftSurface=10
	prt.RightSurface=10
	prt:BreakJoints()
	prt.CFrame=cf or CFrame.new(30,10,30)
	prt.Material=mat
	prt.BrickColor=BrickColor.new(col)
	m=Instance.new("SpecialMesh",prt)
	m.MeshType=6
	return prt
end
----------------------------------------------------
function lerp(a, b, t) -- Linear interpolation
	return a + (b - a)*t
end
 
function slerp(a, b, t) --Spherical interpolation
	dot = a:Dot(b)
	if dot > 0.99999 or dot < -0.99999 then
		return t <= 0.5 and a or b
	else
		r = math.acos(dot)
		return (a*math.sin((1 - t)*r) + b*math.sin(t*r)) / math.sin(r)
	end
end
 
function matrixInterpolate(a, b, t)
	local ax, ay, az, a00, a01, a02, a10, a11, a12, a20, a21, a22 = a:components()
	local bx, by, bz, b00, b01, b02, b10, b11, b12, b20, b21, b22 = b:components()
	local v0 = lerp(Vector3.new(ax, ay, az), Vector3.new(bx , by , bz), t) -- Position
	local v1 = slerp(Vector3.new(a00, a01, a02), Vector3.new(b00, b01, b02), t) -- Vector  right
	local v2 = slerp(Vector3.new(a10, a11, a12), Vector3.new(b10, b11, b12), t) -- Vector  up
	local v3 = slerp(Vector3.new(a20, a21, a22), Vector3.new(b20, b21, b22), t) -- Vector  back
	local t = v1:Dot(v2)
	if not (t < 0 or t == 0 or t > 0) then 	-- Failsafe
		return CFrame.new()
	end
	return CFrame.new(
	v0.x, v0.y, v0.z,
	v1.x, v1.y, v1.z,
	v2.x, v2.y, v2.z,
	v3.x, v3.y, v3.z)
end
----------------------------------------------------
function genWeld(a,b)
    local w = Instance.new("Weld",a)
    w.Part0 = a
    w.Part1 = b
    return w
end
function weld(a, b)
    local weld = Instance.new("Weld")
    weld.Name = "W"
    weld.Part0 = a
    weld.Part1 = b
    weld.C0 = a.CFrame:inverse() * b.CFrame
    weld.Parent = a
    return weld;
end
----------------------------------------------------
function Lerp(c1,c2,al)
	local com1 = {c1.X,c1.Y,c1.Z,c1:toEulerAnglesXYZ()}
	local com2 = {c2.X,c2.Y,c2.Z,c2:toEulerAnglesXYZ()}
	for i,v in pairs(com1) do 
		com1[i] = v+(com2[i]-v)*al
	end
	return CFrame.new(com1[1],com1[2],com1[3]) * CFrame.Angles(select(4,unpack(com1)))
end
----------------------------------------------------
newWeld = function(wp0, wp1, wc0x, wc0y, wc0z)
	local wld = Instance.new("Weld", wp1)
	wld.Part0 = wp0
	wld.Part1 = wp1
	wld.C0 = CFrame.new(wc0x, wc0y, wc0z)
end
----------------------------------------------------
newWeld(torso, larm, -1.5, 0.5, 0)
larm.Weld.C1 = CFrame.new(0, 0.5, 0)
newWeld(torso, rarm, 1.5, 0.5, 0)
rarm.Weld.C1 = CFrame.new(0, 0.5, 0)
newWeld(torso, hed, 0, 1.5, 0)
newWeld(torso, lleg, -0.5, -1, 0)
lleg.Weld.C1 = CFrame.new(0, 1, 0)
newWeld(torso, rleg, 0.5, -1, 0)
rleg.Weld.C1 = CFrame.new(0, 1, 0)
newWeld(root, torso, 0, -1, 0)
torso.Weld.C1 = CFrame.new(0, -1, 0)
----------------------------------------------------
z = Instance.new("Sound",char) --Smile: print("☺")
z.SoundId = "rbxassetid://403445112"--410761150, 411368002
z.Looped = true
z.Pitch = 0.72
z.Volume = 1
wait(0.1)
z:Play()
----------------------------------------------------
New = function(Object, Parent, Name, Data)
	local Object = Instance.new(Object)
	for Index, Value in pairs(Data or {}) do
		Object[Index] = Value
	end
	Object.Parent = Parent
	Object.Name = Name
	return Object
end
----------------------------------------------------
pr = Instance.new("Part",hed)
pr.BrickColor = BrickColor.new("Black")
pr.Material = "Metal"
pr.Reflectance = 0.04
pr.Anchored = false
pr.CanCollide = false
pr.Archivable = false
pr.Locked = true
pr.Size = Vector3.new(2,0.8,1)
prm = Instance.new("SpecialMesh",pr)
prm.MeshType = "FileMesh"
prm.MeshId = "rbxassetid://16952952"
prm.Scale = Vector3.new(1,1,1)
newWeld(hed, pr, 0, 0.35, 0)
pr.Weld.C1 = CFrame.new(0,0,0)
--Left Arm
m = Instance.new("Model")
m.Name = "LeftArm"
p1 = Instance.new("Part", m)
p1.BrickColor = BrickColor.new("Lime green")
p1.Material = Enum.Material.Granite
p1.CFrame = CFrame.new(-1.5, 5.73969078, 22.5, 1, 0, 0, 0, 1, 0, 0, 0, 1)
p1.Size = Vector3.new(1, 0.200000048, 1)
p1.BackSurface = Enum.SurfaceType.SmoothNoOutlines
p1.BottomSurface = Enum.SurfaceType.SmoothNoOutlines
p1.FrontSurface = Enum.SurfaceType.SmoothNoOutlines
p1.LeftSurface = Enum.SurfaceType.SmoothNoOutlines
p1.RightSurface = Enum.SurfaceType.SmoothNoOutlines
p1.TopSurface = Enum.SurfaceType.SmoothNoOutlines
b1 = Instance.new("SpecialMesh", p1)
b1.MeshType = Enum.MeshType.Brick
b1.Name = "Mesh"
b1.Scale = Vector3.new(1.03999996, 1.01999998, 1.03999996)
p2 = Instance.new("Part", m)
p2.BrickColor = BrickColor.new("Lime green")
p2.Material = Enum.Material.Granite
p2.CFrame = CFrame.new(-1.5, 6.03969383, 22.5, 1, 0, 0, 0, 1, 0, 0, 0, 1)
p2.Size = Vector3.new(1, 0.200000048, 1)
p2.BackSurface = Enum.SurfaceType.SmoothNoOutlines
p2.BottomSurface = Enum.SurfaceType.SmoothNoOutlines
p2.FrontSurface = Enum.SurfaceType.SmoothNoOutlines
p2.LeftSurface = Enum.SurfaceType.SmoothNoOutlines
p2.RightSurface = Enum.SurfaceType.SmoothNoOutlines
p2.TopSurface = Enum.SurfaceType.SmoothNoOutlines
b2 = Instance.new("SpecialMesh", p2)
b2.MeshType = Enum.MeshType.Brick
b2.Name = "Mesh"
b2.Scale = Vector3.new(1.03999996, 1.01999998, 1.03999996)
p3 = Instance.new("Part", m)
p3.BrickColor = BrickColor.new("Lime green")
p3.Material = Enum.Material.Granite
p3.CFrame = CFrame.new(-1.5, 6.63968849, 22.5, 1, 0, 0, 0, 1, 0, 0, 0, 1)
p3.Size = Vector3.new(1, 0.200000048, 1)
p3.BackSurface = Enum.SurfaceType.SmoothNoOutlines
p3.BottomSurface = Enum.SurfaceType.SmoothNoOutlines
p3.FrontSurface = Enum.SurfaceType.SmoothNoOutlines
p3.LeftSurface = Enum.SurfaceType.SmoothNoOutlines
p3.RightSurface = Enum.SurfaceType.SmoothNoOutlines
p3.TopSurface = Enum.SurfaceType.SmoothNoOutlines
b3 = Instance.new("SpecialMesh", p3)
b3.MeshType = Enum.MeshType.Brick
b3.Name = "Mesh"
b3.Scale = Vector3.new(1.03999996, 1.01999998, 1.03999996)
p4 = Instance.new("Part", m)
p4.BrickColor = BrickColor.new("Black")
p4.Material = Enum.Material.SmoothPlastic
p4.Name = "LeftArmPlate"
p4.Size = Vector3.new(1, 2, 1)
p4.BackSurface = Enum.SurfaceType.SmoothNoOutlines
p4.BottomSurface = Enum.SurfaceType.SmoothNoOutlines
p4.FrontSurface = Enum.SurfaceType.SmoothNoOutlines
p4.LeftSurface = Enum.SurfaceType.SmoothNoOutlines
p4.RightSurface = Enum.SurfaceType.SmoothNoOutlines
p4.TopSurface = Enum.SurfaceType.SmoothNoOutlines
b4 = Instance.new("SpecialMesh", p4)
b4.MeshType = Enum.MeshType.Brick
b4.Name = "Mesh"
b4.Scale = Vector3.new(1.01999998, 1.01999998, 1.01999998)
p5 = Instance.new("Part", m)
p5.BrickColor = BrickColor.new("Lime green")
p5.Material = Enum.Material.Granite
p5.CFrame = CFrame.new(-1.5, 6.33969307, 22.5, 1, 0, 0, 0, 1, 0, 0, 0, 1)
p5.Size = Vector3.new(1, 0.200000048, 1)
p5.BackSurface = Enum.SurfaceType.SmoothNoOutlines
p5.BottomSurface = Enum.SurfaceType.SmoothNoOutlines
p5.FrontSurface = Enum.SurfaceType.SmoothNoOutlines
p5.LeftSurface = Enum.SurfaceType.SmoothNoOutlines
p5.RightSurface = Enum.SurfaceType.SmoothNoOutlines
p5.TopSurface = Enum.SurfaceType.SmoothNoOutlines
b5 = Instance.new("SpecialMesh", p5)
b5.MeshType = Enum.MeshType.Brick
b5.Name = "Mesh"
b5.Scale = Vector3.new(1.03999996, 1.01999998, 1.03999996)
p6 = Instance.new("Part", m)
p6.BrickColor = BrickColor.new("Lime green")
p6.Material = Enum.Material.Granite
p6.CFrame = CFrame.new(-1.5, 5.73969078, 22.5, 1, 0, 0, 0, 1, 0, 0, 0, 1)
p6.Size = Vector3.new(1, 0.200000048, 1)
p6.BackSurface = Enum.SurfaceType.SmoothNoOutlines
p6.BottomSurface = Enum.SurfaceType.SmoothNoOutlines
p6.FrontSurface = Enum.SurfaceType.SmoothNoOutlines
p6.LeftSurface = Enum.SurfaceType.SmoothNoOutlines
p6.RightSurface = Enum.SurfaceType.SmoothNoOutlines
p6.TopSurface = Enum.SurfaceType.SmoothNoOutlines
b6 = Instance.new("SpecialMesh", p6)
b6.MeshType = Enum.MeshType.Brick
b6.Name = "Mesh"
b6.Scale = Vector3.new(1.05999994, 0.699999988, 1.05999994)
p7 = Instance.new("Part", m)
p7.BrickColor = BrickColor.new("Lime green")
p7.Material = Enum.Material.Granite
p7.CFrame = CFrame.new(-1.5, 6.03969383, 22.5, 1, 0, 0, 0, 1, 0, 0, 0, 1)
p7.FormFactor = Enum.FormFactor.Custom
p7.Size = Vector3.new(1, 0.200000048, 1)
p7.BackSurface = Enum.SurfaceType.SmoothNoOutlines
p7.BottomSurface = Enum.SurfaceType.SmoothNoOutlines
p7.FrontSurface = Enum.SurfaceType.SmoothNoOutlines
p7.LeftSurface = Enum.SurfaceType.SmoothNoOutlines
p7.RightSurface = Enum.SurfaceType.SmoothNoOutlines
p7.TopSurface = Enum.SurfaceType.SmoothNoOutlines
b7 = Instance.new("SpecialMesh", p7)
b7.MeshType = Enum.MeshType.Brick
b7.Name = "Mesh"
b7.Scale = Vector3.new(1.05999994, 0.699999988, 1.05999994)
p8 = Instance.new("Part", m)
p8.BrickColor = BrickColor.new("Lime green")
p8.Material = Enum.Material.Granite
p8.CFrame = CFrame.new(-1.5, 6.33969307, 22.5, 1, 0, 0, 0, 1, 0, 0, 0, 1)
p8.FormFactor = Enum.FormFactor.Custom
p8.Size = Vector3.new(1, 0.200000048, 1)
p8.BackSurface = Enum.SurfaceType.SmoothNoOutlines
p8.BottomSurface = Enum.SurfaceType.SmoothNoOutlines
p8.FrontSurface = Enum.SurfaceType.SmoothNoOutlines
p8.LeftSurface = Enum.SurfaceType.SmoothNoOutlines
p8.RightSurface = Enum.SurfaceType.SmoothNoOutlines
p8.TopSurface = Enum.SurfaceType.SmoothNoOutlines
b8 = Instance.new("SpecialMesh", p8)
b8.MeshType = Enum.MeshType.Brick
b8.Name = "Mesh"
b8.Scale = Vector3.new(1.05999994, 0.699999988, 1.05999994)
p9 = Instance.new("Part", m)
p9.BrickColor = BrickColor.new("Lime green")
p9.Material = Enum.Material.Granite
p9.CFrame = CFrame.new(-1.5, 6.63968849, 22.5, 1, 0, 0, 0, 1, 0, 0, 0, 1)
p9.FormFactor = Enum.FormFactor.Custom
p9.Size = Vector3.new(1, 0.200000048, 1)
p9.BackSurface = Enum.SurfaceType.SmoothNoOutlines
p9.BottomSurface = Enum.SurfaceType.SmoothNoOutlines
p9.FrontSurface = Enum.SurfaceType.SmoothNoOutlines
p9.LeftSurface = Enum.SurfaceType.SmoothNoOutlines
p9.RightSurface = Enum.SurfaceType.SmoothNoOutlines
p9.TopSurface = Enum.SurfaceType.SmoothNoOutlines
b9 = Instance.new("SpecialMesh", p9)
b9.MeshType = Enum.MeshType.Brick
b9.Name = "Mesh"
b9.Scale = Vector3.new(1.05999994, 0.699999988, 1.05999994)
p10 = Instance.new("Part", m)
p10.BrickColor = BrickColor.new("Black")
p10.Material = Enum.Material.SmoothPlastic
p10.CFrame = CFrame.new(-1.5, 6.78969193, 22.5, 1, 0, 0, 0, 1, 0, 0, 0, 1)
p10.FormFactor = Enum.FormFactor.Custom
p10.Size = Vector3.new(1, 0.349999994, 1)
p10.BackSurface = Enum.SurfaceType.SmoothNoOutlines
p10.BottomSurface = Enum.SurfaceType.SmoothNoOutlines
p10.FrontSurface = Enum.SurfaceType.SmoothNoOutlines
p10.LeftSurface = Enum.SurfaceType.SmoothNoOutlines
p10.RightSurface = Enum.SurfaceType.SmoothNoOutlines
p10.TopSurface = Enum.SurfaceType.SmoothNoOutlines
b10 = Instance.new("SpecialMesh", p10)
b10.MeshType = Enum.MeshType.Brick
b10.Name = "Mesh"
b10.Scale = Vector3.new(1.12, 1.01999998, 1.12)
p11 = Instance.new("Part", m)
p11.BrickColor = BrickColor.new("Black")
p11.Material = Enum.Material.Metal
p11.CFrame = CFrame.new(-1.5, 6.48969078, 22.5, 1, 0, 0, 0, 1, 0, 0, 0, 1)
p11.FormFactor = Enum.FormFactor.Custom
p11.Size = Vector3.new(1, 0.25, 1)
p11.BackSurface = Enum.SurfaceType.SmoothNoOutlines
p11.BottomSurface = Enum.SurfaceType.SmoothNoOutlines
p11.FrontSurface = Enum.SurfaceType.SmoothNoOutlines
p11.LeftSurface = Enum.SurfaceType.SmoothNoOutlines
p11.RightSurface = Enum.SurfaceType.SmoothNoOutlines
p11.TopSurface = Enum.SurfaceType.SmoothNoOutlines
b11 = Instance.new("SpecialMesh", p11)
b11.MeshType = Enum.MeshType.Brick
b11.Name = "Mesh"
b11.Scale = Vector3.new(1.03999996, 0.400000006, 1.03999996)
p12 = Instance.new("Part", m)
p12.BrickColor = BrickColor.new("Black")
p12.Material = Enum.Material.Metal
p12.CFrame = CFrame.new(-1.5, 6.18969154, 22.5, 1, 0, 0, 0, 1, 0, 0, 0, 1)
p12.FormFactor = Enum.FormFactor.Custom
p12.Size = Vector3.new(1, 0.25, 1)
p12.BackSurface = Enum.SurfaceType.SmoothNoOutlines
p12.BottomSurface = Enum.SurfaceType.SmoothNoOutlines
p12.FrontSurface = Enum.SurfaceType.SmoothNoOutlines
p12.LeftSurface = Enum.SurfaceType.SmoothNoOutlines
p12.RightSurface = Enum.SurfaceType.SmoothNoOutlines
p12.TopSurface = Enum.SurfaceType.SmoothNoOutlines
b12 = Instance.new("SpecialMesh", p12)
b12.MeshType = Enum.MeshType.Brick
b12.Name = "Mesh"
b12.Scale = Vector3.new(1.03999996, 0.400000006, 1.03999996)
p13 = Instance.new("Part", m)
p13.BrickColor = BrickColor.new("Black")
p13.Material = Enum.Material.Metal
p13.CFrame = CFrame.new(-1.5, 5.88968849, 22.5, 1, 0, 0, 0, 1, 0, 0, 0, 1)
p13.FormFactor = Enum.FormFactor.Custom
p13.Size = Vector3.new(1, 0.25, 1)
p13.BackSurface = Enum.SurfaceType.SmoothNoOutlines
p13.BottomSurface = Enum.SurfaceType.SmoothNoOutlines
p13.FrontSurface = Enum.SurfaceType.SmoothNoOutlines
p13.LeftSurface = Enum.SurfaceType.SmoothNoOutlines
p13.RightSurface = Enum.SurfaceType.SmoothNoOutlines
p13.TopSurface = Enum.SurfaceType.SmoothNoOutlines
b13 = Instance.new("SpecialMesh", p13)
b13.MeshType = Enum.MeshType.Brick
b13.Name = "Mesh"
b13.Scale = Vector3.new(1.03999996, 0.400000006, 1.03999996)
p14 = Instance.new("Part", m)
p14.BrickColor = BrickColor.new("Black")
p14.Material = Enum.Material.Metal
p14.CFrame = CFrame.new(-1.5, 5.58969307, 22.5, 1, 0, 0, 0, 1, 0, 0, 0, 1)
p14.FormFactor = Enum.FormFactor.Custom
p14.Size = Vector3.new(1, 0.25, 1)
p14.BackSurface = Enum.SurfaceType.SmoothNoOutlines
p14.BottomSurface = Enum.SurfaceType.SmoothNoOutlines
p14.FrontSurface = Enum.SurfaceType.SmoothNoOutlines
p14.LeftSurface = Enum.SurfaceType.SmoothNoOutlines
p14.RightSurface = Enum.SurfaceType.SmoothNoOutlines
p14.TopSurface = Enum.SurfaceType.SmoothNoOutlines
b14 = Instance.new("SpecialMesh", p14)
b14.MeshType = Enum.MeshType.Brick
b14.Name = "Mesh"
b14.Scale = Vector3.new(1.03999996, 0.400000006, 1.03999996)
p15 = Instance.new("Part", m)
p15.BrickColor = BrickColor.new("Lime green")
p15.Material = Enum.Material.Granite
p15.CFrame = CFrame.new(-1.5, 6.63968849, 22.5, 1, 0, 0, 0, 1, 0, 0, 0, 1)
p15.FormFactor = Enum.FormFactor.Custom
p15.Size = Vector3.new(1, 1, 1)
p15.BackSurface = Enum.SurfaceType.SmoothNoOutlines
p15.BottomSurface = Enum.SurfaceType.SmoothNoOutlines
p15.FrontSurface = Enum.SurfaceType.SmoothNoOutlines
p15.LeftSurface = Enum.SurfaceType.SmoothNoOutlines
p15.RightSurface = Enum.SurfaceType.SmoothNoOutlines
p15.TopSurface = Enum.SurfaceType.SmoothNoOutlines
b15 = Instance.new("SpecialMesh", p15)
b15.MeshType = Enum.MeshType.Sphere
b15.Name = "Mesh"
p16 = Instance.new("Part", m)
p16.BrickColor = BrickColor.new("Black")
p16.Material = Enum.Material.Metal
p16.CFrame = CFrame.new(-1.49142194, 4.80968094, 21.7695732, 1, 1.67448022e-007, -1.06342185e-007, -2.04123751e-007, 0.500000119, -0.866025269, -6.57511308e-008, 0.866025329, 0.5)
p16.FormFactor = Enum.FormFactor.Custom
p16.Size = Vector3.new(0.200000003, 0.200000048, 0.599999964)
p16.BackSurface = Enum.SurfaceType.SmoothNoOutlines
p16.BottomSurface = Enum.SurfaceType.SmoothNoOutlines
p16.FrontSurface = Enum.SurfaceType.SmoothNoOutlines
p16.LeftSurface = Enum.SurfaceType.SmoothNoOutlines
p16.RightSurface = Enum.SurfaceType.SmoothNoOutlines
p16.TopSurface = Enum.SurfaceType.SmoothNoOutlines
b16 = Instance.new("SpecialMesh", p16)
b16.MeshType = Enum.MeshType.Brick
b16.Name = "Mesh"
b16.Scale = Vector3.new(1.04999995, 1.01999998, 1.03999996)
p17 = Instance.new("Part", m)
p17.BrickColor = BrickColor.new("Black")
p17.Material = Enum.Material.SmoothPlastic
p17.CFrame = CFrame.new(-1.50000083, 5.33968592, 22.4999943, 1, -9.44388034e-009, 5.2184074e-008, -7.54702114e-008, 0.999999881, 2.38418579e-007, 2.60919535e-008, 1.1920929e-007, 0.999999881)
p17.FormFactor = Enum.FormFactor.Custom
p17.Size = Vector3.new(1.01999998, 0.300000012, 1.01999998)
p17.BackSurface = Enum.SurfaceType.SmoothNoOutlines
p17.BottomSurface = Enum.SurfaceType.SmoothNoOutlines
p17.FrontSurface = Enum.SurfaceType.SmoothNoOutlines
p17.LeftSurface = Enum.SurfaceType.SmoothNoOutlines
p17.RightSurface = Enum.SurfaceType.SmoothNoOutlines
p17.TopSurface = Enum.SurfaceType.SmoothNoOutlines
b17 = Instance.new("SpecialMesh", p17)
b17.MeshType = Enum.MeshType.Brick
b17.Name = "Mesh"
b17.Scale = Vector3.new(1.01999998, 1.01999998, 1.01999998)
p18 = Instance.new("Part", m)
p18.BrickColor = BrickColor.new("Black")
p18.Material = Enum.Material.SmoothPlastic
p18.CFrame = CFrame.new(-1.50000072, 5.33968782, 22.4999962, 1, -3.77485776e-008, 7.82760807e-008, -1.03774902e-007, 0.999999881, 3.57627869e-007, 5.21839532e-008, 2.38418565e-007, 0.999999881)
p18.FormFactor = Enum.FormFactor.Custom
p18.Size = Vector3.new(1.00999999, 0.400000036, 1.00999999)
p18.BackSurface = Enum.SurfaceType.SmoothNoOutlines
p18.BottomSurface = Enum.SurfaceType.SmoothNoOutlines
p18.FrontSurface = Enum.SurfaceType.SmoothNoOutlines
p18.LeftSurface = Enum.SurfaceType.SmoothNoOutlines
p18.RightSurface = Enum.SurfaceType.SmoothNoOutlines
p18.TopSurface = Enum.SurfaceType.SmoothNoOutlines
b18 = Instance.new("SpecialMesh", p18)
b18.MeshType = Enum.MeshType.Brick
b18.Name = "Mesh"
b18.Scale = Vector3.new(1.01999998, 1.01999998, 1.01999998)
p19 = Instance.new("Part", m)
p19.BrickColor = BrickColor.new("Black")
p19.Material = Enum.Material.SmoothPlastic
p19.CFrame = CFrame.new(-1.5000006, 5.33968973, 22.4999981, 1, -6.60532748e-008, 1.04368084e-007, -1.32079592e-007, 0.999999881, 4.76837158e-007, 7.82759457e-008, 3.5762784e-007, 0.999999881)
p19.FormFactor = Enum.FormFactor.Custom
p19.Size = Vector3.new(1.02999997, 0.200000003, 1.02999997)
p19.BackSurface = Enum.SurfaceType.SmoothNoOutlines
p19.BottomSurface = Enum.SurfaceType.SmoothNoOutlines
p19.FrontSurface = Enum.SurfaceType.SmoothNoOutlines
p19.LeftSurface = Enum.SurfaceType.SmoothNoOutlines
p19.RightSurface = Enum.SurfaceType.SmoothNoOutlines
p19.TopSurface = Enum.SurfaceType.SmoothNoOutlines
b19 = Instance.new("SpecialMesh", p19)
b19.MeshType = Enum.MeshType.Brick
b19.Name = "Mesh"
b19.Scale = Vector3.new(1.02999997, 0.50999999, 1.02999997)
p20 = Instance.new("Part", m)
p20.BrickColor = BrickColor.new("Really black")
p20.Material = Enum.Material.SmoothPlastic
p20.CFrame = CFrame.new(-1.50000048, 5.33969164, 22.5, 1, -9.4357965e-008, 1.3046008e-007, -1.60384275e-007, 0.999999881, 5.96046448e-007, 1.04367942e-007, 4.76837101e-007, 0.999999881)
p20.FormFactor = Enum.FormFactor.Custom
p20.Size = Vector3.new(1.02999997, 0.200000003, 1.02999997)
p20.BackSurface = Enum.SurfaceType.SmoothNoOutlines
p20.BottomSurface = Enum.SurfaceType.SmoothNoOutlines
p20.FrontSurface = Enum.SurfaceType.SmoothNoOutlines
p20.LeftSurface = Enum.SurfaceType.SmoothNoOutlines
p20.RightSurface = Enum.SurfaceType.SmoothNoOutlines
p20.TopSurface = Enum.SurfaceType.SmoothNoOutlines
b20 = Instance.new("SpecialMesh", p20)
b20.MeshType = Enum.MeshType.Brick
b20.Name = "Mesh"
b20.Scale = Vector3.new(1.01999998, 1.01999998, 1.01999998)
p21 = Instance.new("Part", m)
p21.BrickColor = BrickColor.new("Black")
p21.Material = Enum.Material.Metal
p21.CFrame = CFrame.new(-1.93255413, 4.43040705, 22.5000057, -1.61368675e-007, -0.707106769, -0.707106769, -4.62050195e-007, -0.707106471, 0.707106948, -0.999999881, -5.86611463e-007, 4.45824725e-007)
p21.FormFactor = Enum.FormFactor.Custom
p21.Size = Vector3.new(0.200000003, 0.200000048, 0.399999976)
p21.BackSurface = Enum.SurfaceType.SmoothNoOutlines
p21.BottomSurface = Enum.SurfaceType.SmoothNoOutlines
p21.FrontSurface = Enum.SurfaceType.SmoothNoOutlines
p21.LeftSurface = Enum.SurfaceType.SmoothNoOutlines
p21.RightSurface = Enum.SurfaceType.SmoothNoOutlines
p21.TopSurface = Enum.SurfaceType.SmoothNoOutlines
b21 = Instance.new("SpecialMesh", p21)
b21.MeshType = Enum.MeshType.Wedge
b21.Name = "Mesh"
b21.Scale = Vector3.new(1.04999995, 1.01999998, 1.03999996)
p22 = Instance.new("Part", m)
p22.BrickColor = BrickColor.new("Black")
p22.Material = Enum.Material.Metal
p22.CFrame = CFrame.new(-2.22184062, 4.80970049, 22.5000057, -6.50768897e-008, 0.866025269, 0.50000006, -7.82806978e-007, 0.499999732, -0.866025329, -0.999999881, 3.74247918e-007, -2.56530342e-007)
p22.FormFactor = Enum.FormFactor.Custom
p22.Size = Vector3.new(0.200000003, 0.200000048, 0.599999964)
p22.BackSurface = Enum.SurfaceType.SmoothNoOutlines
p22.BottomSurface = Enum.SurfaceType.SmoothNoOutlines
p22.FrontSurface = Enum.SurfaceType.SmoothNoOutlines
p22.LeftSurface = Enum.SurfaceType.SmoothNoOutlines
p22.RightSurface = Enum.SurfaceType.SmoothNoOutlines
p22.TopSurface = Enum.SurfaceType.SmoothNoOutlines
b22 = Instance.new("SpecialMesh", p22)
b22.MeshType = Enum.MeshType.Brick
b22.Name = "Mesh"
b22.Scale = Vector3.new(1.04999995, 1.01999998, 1.03999996)
p23 = Instance.new("Part", m)
p23.BrickColor = BrickColor.new("Black")
p23.Material = Enum.Material.Metal
p23.CFrame = CFrame.new(-2.41184235, 5.35969734, 22.5000076, -1.73507274e-007, 0.98480767, 0.17364803, -8.28146199e-007, 0.173647702, -0.984807611, -0.999999881, 1.49283139e-007, -3.43238185e-007)
p23.FormFactor = Enum.FormFactor.Custom
p23.Size = Vector3.new(0.200000003, 0.200000048, 0.599999964)
p23.BackSurface = Enum.SurfaceType.SmoothNoOutlines
p23.BottomSurface = Enum.SurfaceType.SmoothNoOutlines
p23.FrontSurface = Enum.SurfaceType.SmoothNoOutlines
p23.LeftSurface = Enum.SurfaceType.SmoothNoOutlines
p23.RightSurface = Enum.SurfaceType.SmoothNoOutlines
p23.TopSurface = Enum.SurfaceType.SmoothNoOutlines
b23 = Instance.new("SpecialMesh", p23)
b23.MeshType = Enum.MeshType.Brick
b23.Name = "Mesh"
b23.Scale = Vector3.new(1.04999995, 1.01999998, 1.03999996)
p24 = Instance.new("Part", m)
p24.BrickColor = BrickColor.new("Black")
p24.Material = Enum.Material.Metal
p24.CFrame = CFrame.new(-2.41184616, 5.92969847, 22.5000076, -1.73507232e-007, 0.984807611, -0.173648104, -8.12965368e-007, -0.173648402, -0.984807432, -0.999999881, 2.02498356e-008, -3.8854634e-007)
p24.FormFactor = Enum.FormFactor.Custom
p24.Size = Vector3.new(0.200000003, 0.200000048, 0.599999964)
p24.BackSurface = Enum.SurfaceType.SmoothNoOutlines
p24.BottomSurface = Enum.SurfaceType.SmoothNoOutlines
p24.FrontSurface = Enum.SurfaceType.SmoothNoOutlines
p24.LeftSurface = Enum.SurfaceType.SmoothNoOutlines
p24.RightSurface = Enum.SurfaceType.SmoothNoOutlines
p24.TopSurface = Enum.SurfaceType.SmoothNoOutlines
b24 = Instance.new("SpecialMesh", p24)
b24.MeshType = Enum.MeshType.Brick
b24.Name = "Mesh"
b24.Scale = Vector3.new(1.04999995, 1.01999998, 1.03999996)
p25 = Instance.new("Part", m)
p25.BrickColor = BrickColor.new("Black")
p25.Material = Enum.Material.Metal
p25.CFrame = CFrame.new(-2.14142036, 6.39827347, 22.5000114, -7.7074823e-008, 0.707106829, -0.70710659, -7.54731559e-007, -0.707106769, -0.707106471, -0.999999881, -1.79262827e-007, -4.39258827e-007)
p25.FormFactor = Enum.FormFactor.Custom
p25.Size = Vector3.new(0.200000003, 0.200000048, 0.599999964)
p25.BackSurface = Enum.SurfaceType.SmoothNoOutlines
p25.BottomSurface = Enum.SurfaceType.SmoothNoOutlines
p25.FrontSurface = Enum.SurfaceType.SmoothNoOutlines
p25.LeftSurface = Enum.SurfaceType.SmoothNoOutlines
p25.RightSurface = Enum.SurfaceType.SmoothNoOutlines
p25.TopSurface = Enum.SurfaceType.SmoothNoOutlines
b25 = Instance.new("SpecialMesh", p25)
b25.MeshType = Enum.MeshType.Brick
b25.Name = "Mesh"
b25.Scale = Vector3.new(1.03999996, 1.01999998, 1.03999996)
p26 = Instance.new("Part", m)
p26.BrickColor = BrickColor.new("Black")
p26.Material = Enum.Material.Metal
p26.CFrame = CFrame.new(-1.49142087, 6.39827442, 23.1500168, -0.999999881, 1.1920929e-007, 2.68220901e-007, 1.49011612e-007, -0.707106948, -0.707106233, -1.77625395e-007, -0.707107306, 0.707106113)
p26.FormFactor = Enum.FormFactor.Custom
p26.Size = Vector3.new(0.200000003, 0.200000048, 0.599999964)
p26.BackSurface = Enum.SurfaceType.SmoothNoOutlines
p26.BottomSurface = Enum.SurfaceType.SmoothNoOutlines
p26.FrontSurface = Enum.SurfaceType.SmoothNoOutlines
p26.LeftSurface = Enum.SurfaceType.SmoothNoOutlines
p26.RightSurface = Enum.SurfaceType.SmoothNoOutlines
p26.TopSurface = Enum.SurfaceType.SmoothNoOutlines
b26 = Instance.new("SpecialMesh", p26)
b26.MeshType = Enum.MeshType.Brick
b26.Name = "Mesh"
b26.Scale = Vector3.new(1.03999996, 1.01999998, 1.03999996)
p27 = Instance.new("Part", m)
p27.BrickColor = BrickColor.new("Black")
p27.Material = Enum.Material.Metal
p27.CFrame = CFrame.new(-1.49141955, 5.92969704, 23.420433, -0.999999881, -3.03310628e-007, 3.64177367e-007, 1.73600242e-007, -0.173648864, -0.984807312, 2.67648517e-008, -0.98480773, 0.173647434)
p27.FormFactor = Enum.FormFactor.Custom
p27.Size = Vector3.new(0.200000003, 0.200000048, 0.599999964)
p27.BackSurface = Enum.SurfaceType.SmoothNoOutlines
p27.BottomSurface = Enum.SurfaceType.SmoothNoOutlines
p27.FrontSurface = Enum.SurfaceType.SmoothNoOutlines
p27.LeftSurface = Enum.SurfaceType.SmoothNoOutlines
p27.RightSurface = Enum.SurfaceType.SmoothNoOutlines
p27.TopSurface = Enum.SurfaceType.SmoothNoOutlines
b27 = Instance.new("SpecialMesh", p27)
b27.MeshType = Enum.MeshType.Brick
b27.Name = "Mesh"
b27.Scale = Vector3.new(1.04999995, 1.01999998, 1.03999996)
p28 = Instance.new("Part", m)
p28.BrickColor = BrickColor.new("Black")
p28.Material = Enum.Material.Metal
p28.CFrame = CFrame.new(-1.49141943, 5.35969734, 23.4204254, -0.999999881, -3.81113438e-007, 3.10304756e-007, 1.64414772e-007, 0.173647091, -0.984807551, -6.59209363e-008, -0.984807372, -0.17364876)
p28.FormFactor = Enum.FormFactor.Custom
p28.Size = Vector3.new(0.200000003, 0.200000048, 0.599999964)
p28.BackSurface = Enum.SurfaceType.SmoothNoOutlines
p28.BottomSurface = Enum.SurfaceType.SmoothNoOutlines
p28.FrontSurface = Enum.SurfaceType.SmoothNoOutlines
p28.LeftSurface = Enum.SurfaceType.SmoothNoOutlines
p28.RightSurface = Enum.SurfaceType.SmoothNoOutlines
p28.TopSurface = Enum.SurfaceType.SmoothNoOutlines
b28 = Instance.new("SpecialMesh", p28)
b28.MeshType = Enum.MeshType.Brick
b28.Name = "Mesh"
b28.Scale = Vector3.new(1.04999995, 1.01999998, 1.03999996)
p29 = Instance.new("Part", m)
p29.BrickColor = BrickColor.new("Black")
p29.Material = Enum.Material.Metal
p29.CFrame = CFrame.new(-1.49141932, 4.80969858, 23.2304344, -0.999999881, -4.47128798e-007, 1.98065763e-007, 1.97699791e-007, 0.499998987, -0.866025448, -1.51352623e-007, -0.866024613, -0.500000715)
p29.FormFactor = Enum.FormFactor.Custom
p29.Size = Vector3.new(0.200000003, 0.200000048, 0.599999964)
p29.BackSurface = Enum.SurfaceType.SmoothNoOutlines
p29.BottomSurface = Enum.SurfaceType.SmoothNoOutlines
p29.FrontSurface = Enum.SurfaceType.SmoothNoOutlines
p29.LeftSurface = Enum.SurfaceType.SmoothNoOutlines
p29.RightSurface = Enum.SurfaceType.SmoothNoOutlines
p29.TopSurface = Enum.SurfaceType.SmoothNoOutlines
b29 = Instance.new("SpecialMesh", p29)
b29.MeshType = Enum.MeshType.Brick
b29.Name = "Mesh"
b29.Scale = Vector3.new(1.04999995, 1.01999998, 1.03999996)
p30 = Instance.new("Part", m)
p30.BrickColor = BrickColor.new("Black")
p30.Material = Enum.Material.Metal
p30.CFrame = CFrame.new(-1.49142027, 4.43040895, 22.9411469, -0.999999881, 4.25206935e-007, 1.94115486e-007, 4.85997248e-007, -0.707105517, 0.707107246, -5.38012159e-008, 0.707105875, 0.707107246)
p30.FormFactor = Enum.FormFactor.Custom
p30.Size = Vector3.new(0.200000003, 0.200000048, 0.399999976)
p30.BackSurface = Enum.SurfaceType.SmoothNoOutlines
p30.BottomSurface = Enum.SurfaceType.SmoothNoOutlines
p30.FrontSurface = Enum.SurfaceType.SmoothNoOutlines
p30.LeftSurface = Enum.SurfaceType.SmoothNoOutlines
p30.RightSurface = Enum.SurfaceType.SmoothNoOutlines
p30.TopSurface = Enum.SurfaceType.SmoothNoOutlines
b30 = Instance.new("SpecialMesh", p30)
b30.MeshType = Enum.MeshType.Wedge
b30.Name = "Mesh"
b30.Scale = Vector3.new(1.04999995, 1.01999998, 1.03999996)
p31 = Instance.new("Part", m)
p31.BrickColor = BrickColor.new("Black")
p31.Material = Enum.Material.Metal
p31.CFrame = CFrame.new(-1.49141979, 6.39827871, 21.8500175, 0.999999881, 3.40091276e-007, -1.70074486e-007, -5.85792634e-007, -0.707105458, -0.707107246, 1.83170471e-007, 0.707105815, -0.707107365)
p31.FormFactor = Enum.FormFactor.Custom
p31.Size = Vector3.new(0.200000003, 0.200000048, 0.599999964)
p31.BackSurface = Enum.SurfaceType.SmoothNoOutlines
p31.BottomSurface = Enum.SurfaceType.SmoothNoOutlines
p31.FrontSurface = Enum.SurfaceType.SmoothNoOutlines
p31.LeftSurface = Enum.SurfaceType.SmoothNoOutlines
p31.RightSurface = Enum.SurfaceType.SmoothNoOutlines
p31.TopSurface = Enum.SurfaceType.SmoothNoOutlines
b31 = Instance.new("SpecialMesh", p31)
b31.MeshType = Enum.MeshType.Brick
b31.Name = "Mesh"
b31.Scale = Vector3.new(1.03999996, 1.01999998, 1.03999996)
p32 = Instance.new("Part", m)
p32.BrickColor = BrickColor.new("Black")
p32.Material = Enum.Material.Metal
p32.CFrame = CFrame.new(-1.49141908, 4.43041086, 22.0588818, 0.999999881, -5.29441166e-008, -6.45117154e-007, -3.43892481e-007, -0.707107067, 0.707105517, 1.02492642e-007, -0.707107663, -0.707105637)
p32.FormFactor = Enum.FormFactor.Custom
p32.Size = Vector3.new(0.200000003, 0.200000048, 0.399999976)
p32.BackSurface = Enum.SurfaceType.SmoothNoOutlines
p32.BottomSurface = Enum.SurfaceType.SmoothNoOutlines
p32.FrontSurface = Enum.SurfaceType.SmoothNoOutlines
p32.LeftSurface = Enum.SurfaceType.SmoothNoOutlines
p32.RightSurface = Enum.SurfaceType.SmoothNoOutlines
p32.TopSurface = Enum.SurfaceType.SmoothNoOutlines
b32 = Instance.new("SpecialMesh", p32)
b32.MeshType = Enum.MeshType.Wedge
b32.Name = "Mesh"
b32.Scale = Vector3.new(1.04999995, 1.01999998, 1.03999996)
p33 = Instance.new("Part", m)
p33.BrickColor = BrickColor.new("Black")
p33.Material = Enum.Material.Metal
p33.CFrame = CFrame.new(-1.4914217, 5.92970181, 21.5795879, 0.999999881, 5.22213554e-007, 2.83446013e-008, -7.00635724e-007, -0.173646629, -0.984807253, 1.38921934e-007, 0.984807372, -0.17364946)
p33.FormFactor = Enum.FormFactor.Custom
p33.Size = Vector3.new(0.200000003, 0.200000048, 0.599999964)
p33.BackSurface = Enum.SurfaceType.SmoothNoOutlines
p33.BottomSurface = Enum.SurfaceType.SmoothNoOutlines
p33.FrontSurface = Enum.SurfaceType.SmoothNoOutlines
p33.LeftSurface = Enum.SurfaceType.SmoothNoOutlines
p33.RightSurface = Enum.SurfaceType.SmoothNoOutlines
p33.TopSurface = Enum.SurfaceType.SmoothNoOutlines
b33 = Instance.new("SpecialMesh", p33)
b33.MeshType = Enum.MeshType.Brick
b33.Name = "Mesh"
b33.Scale = Vector3.new(1.04999995, 1.01999998, 1.03999996)
p34 = Instance.new("Part", m)
p34.BrickColor = BrickColor.new("Black")
p34.Material = Enum.Material.Metal
p34.CFrame = CFrame.new(-1.49141932, 5.35969925, 21.5795956, 0.999999881, 5.04442426e-007, 2.22697935e-007, -7.44121166e-007, 0.17364943, -0.984806716, 1.65013844e-007, 0.984807849, 0.173646525)
p34.FormFactor = Enum.FormFactor.Custom
p34.Size = Vector3.new(0.200000003, 0.200000048, 0.599999964)
p34.BackSurface = Enum.SurfaceType.SmoothNoOutlines
p34.BottomSurface = Enum.SurfaceType.SmoothNoOutlines
p34.FrontSurface = Enum.SurfaceType.SmoothNoOutlines
p34.LeftSurface = Enum.SurfaceType.SmoothNoOutlines
p34.RightSurface = Enum.SurfaceType.SmoothNoOutlines
p34.TopSurface = Enum.SurfaceType.SmoothNoOutlines
b34 = Instance.new("SpecialMesh", p34)
b34.MeshType = Enum.MeshType.Brick
b34.Name = "Mesh"
b34.Scale = Vector3.new(1.04999995, 1.01999998, 1.03999996)
w1 = Instance.new("Weld", p1)
w1.Name = "Part_Weld"
w1.Part0 = p1
w1.C0 = CFrame.new(1.5, -17.9000149, -22.5, 1, 0, 0, 0, 1, 0, 0, 0, 1)
w1.Part1 = p2
w1.C1 = CFrame.new(1.5, -18.2000179, -22.5, 1, 0, 0, 0, 1, 0, 0, 0, 1)
w2 = Instance.new("Weld", p2)
w2.Name = "Part_Weld"
w2.Part0 = p2
w2.C0 = CFrame.new(1.5, -18.2000179, -22.5, 1, 0, 0, 0, 1, 0, 0, 0, 1)
w2.Part1 = p3
w2.C1 = CFrame.new(1.5, -18.8000126, -22.5, 1, 0, 0, 0, 1, 0, 0, 0, 1)
w3 = Instance.new("Weld", p3)
w3.Name = "LeftArmPlate_Weld"
w3.Part0 = p3
w3.C0 = CFrame.new(1.5, -18.8000126, -22.5, 1, 0, 0, 0, 1, 0, 0, 0, 1)
w3.Part1 = p4
w3.C1 = CFrame.new(1.5, -18.1000156, -22.5, 1, 0, 0, 0, 1, 0, 0, 0, 1)
w4 = Instance.new("Weld", p4)
w4.Name = "Part_Weld"
w4.Part0 = p4
w4.C0 = CFrame.new(1.5, -18.1000156, -22.5, 1, 0, 0, 0, 1, 0, 0, 0, 1)
w4.Part1 = p5
w4.C1 = CFrame.new(1.5, -18.5000172, -22.5, 1, 0, 0, 0, 1, 0, 0, 0, 1)
w5 = Instance.new("Weld", p5)
w5.Name = "Part_Weld"
w5.Part0 = p5
w5.C0 = CFrame.new(1.5, -18.5000172, -22.5, 1, 0, 0, 0, 1, 0, 0, 0, 1)
w5.Part1 = p6
w5.C1 = CFrame.new(1.5, -17.9000149, -22.5, 1, 0, 0, 0, 1, 0, 0, 0, 1)
w6 = Instance.new("Weld", p6)
w6.Name = "Part_Weld"
w6.Part0 = p6
w6.C0 = CFrame.new(1.5, -17.9000149, -22.5, 1, 0, 0, 0, 1, 0, 0, 0, 1)
w6.Part1 = p7
w6.C1 = CFrame.new(1.5, -18.2000179, -22.5, 1, 0, 0, 0, 1, 0, 0, 0, 1)
w7 = Instance.new("Weld", p7)
w7.Name = "Part_Weld"
w7.Part0 = p7
w7.C0 = CFrame.new(1.5, -18.2000179, -22.5, 1, 0, 0, 0, 1, 0, 0, 0, 1)
w7.Part1 = p8
w7.C1 = CFrame.new(1.5, -18.5000172, -22.5, 1, 0, 0, 0, 1, 0, 0, 0, 1)
w8 = Instance.new("Weld", p8)
w8.Name = "Part_Weld"
w8.Part0 = p8
w8.C0 = CFrame.new(1.5, -18.5000172, -22.5, 1, 0, 0, 0, 1, 0, 0, 0, 1)
w8.Part1 = p9
w8.C1 = CFrame.new(1.5, -18.8000126, -22.5, 1, 0, 0, 0, 1, 0, 0, 0, 1)
w9 = Instance.new("Weld", p9)
w9.Name = "Part_Weld"
w9.Part0 = p9
w9.C0 = CFrame.new(1.5, -18.8000126, -22.5, 1, 0, 0, 0, 1, 0, 0, 0, 1)
w9.Part1 = p10
w9.C1 = CFrame.new(1.5, -18.950016, -22.5, 1, 0, 0, 0, 1, 0, 0, 0, 1)
w10 = Instance.new("Weld", p10)
w10.Name = "Part_Weld"
w10.Part0 = p10
w10.C0 = CFrame.new(1.5, -18.950016, -22.5, 1, 0, 0, 0, 1, 0, 0, 0, 1)
w10.Part1 = p11
w10.C1 = CFrame.new(1.5, -18.6500149, -22.5, 1, 0, 0, 0, 1, 0, 0, 0, 1)
w11 = Instance.new("Weld", p11)
w11.Name = "Part_Weld"
w11.Part0 = p11
w11.C0 = CFrame.new(1.5, -18.6500149, -22.5, 1, 0, 0, 0, 1, 0, 0, 0, 1)
w11.Part1 = p12
w11.C1 = CFrame.new(1.5, -18.3500156, -22.5, 1, 0, 0, 0, 1, 0, 0, 0, 1)
w12 = Instance.new("Weld", p12)
w12.Name = "Part_Weld"
w12.Part0 = p12
w12.C0 = CFrame.new(1.5, -18.3500156, -22.5, 1, 0, 0, 0, 1, 0, 0, 0, 1)
w12.Part1 = p13
w12.C1 = CFrame.new(1.5, -18.0500126, -22.5, 1, 0, 0, 0, 1, 0, 0, 0, 1)
w13 = Instance.new("Weld", p13)
w13.Name = "Part_Weld"
w13.Part0 = p13
w13.C0 = CFrame.new(1.5, -18.0500126, -22.5, 1, 0, 0, 0, 1, 0, 0, 0, 1)
w13.Part1 = p14
w13.C1 = CFrame.new(1.5, -17.7500172, -22.5, 1, 0, 0, 0, 1, 0, 0, 0, 1)
w14 = Instance.new("Weld", p14)
w14.Name = "Part_Weld"
w14.Part0 = p14
w14.C0 = CFrame.new(1.5, -17.7500172, -22.5, 1, 0, 0, 0, 1, 0, 0, 0, 1)
w14.Part1 = p15
w14.C1 = CFrame.new(1.5, -18.8000126, -22.5, 1, 0, 0, 0, 1, 0, 0, 0, 1)
w15 = Instance.new("Weld", p15)
w15.Name = "Part_Weld"
w15.Part0 = p15
w15.C0 = CFrame.new(1.5, -18.8000126, -22.5, 1, 0, 0, 0, 1, 0, 0, 0, 1)
w15.Part1 = p16
w15.C1 = CFrame.new(1.49142683, -27.338007, 3.81166649, 1, -2.04123751e-007, -6.57511308e-008, 1.67448022e-007, 0.500000119, 0.866025329, -1.06342185e-007, -0.866025269, 0.5)
w16 = Instance.new("Weld", p16)
w16.Name = "Part_Weld"
w16.Part0 = p16
w16.C0 = CFrame.new(1.49142683, -27.338007, 3.81166649, 1, -2.04123751e-007, -6.57511308e-008, 1.67448022e-007, 0.500000119, 0.866025329, -1.06342185e-007, -0.866025269, 0.5)
w16.Part1 = p17
w16.C1 = CFrame.new(1.50000179, -17.5000076, -22.4999943, 1, -4.71655142e-008, -4.97379915e-014, 1.88608098e-008, 1, 2.98023224e-008, 2.60920601e-008, 8.94069672e-008, 1)
w17 = Instance.new("Weld", p17)
w17.Name = "Part_Weld"
w17.Part0 = p17
w17.C0 = CFrame.new(1.50000179, -17.5000076, -22.4999943, 1, -4.71655142e-008, -4.97379915e-014, 1.88608098e-008, 1, 2.98023224e-008, 2.60920601e-008, 8.94069672e-008, 1)
w17.Part1 = p18
w17.C1 = CFrame.new(1.50000179, -17.5000076, -22.4999943, 1, -4.71655142e-008, -4.97379915e-014, 1.88608098e-008, 1, 2.98023224e-008, 2.60920601e-008, 8.94069672e-008, 1)
w18 = Instance.new("Weld", p18)
w18.Name = "Part_Weld"
w18.Part0 = p18
w18.C0 = CFrame.new(1.50000179, -17.5000076, -22.4999943, 1, -4.71655142e-008, -4.97379915e-014, 1.88608098e-008, 1, 2.98023224e-008, 2.60920601e-008, 8.94069672e-008, 1)
w18.Part1 = p19
w18.C1 = CFrame.new(1.50000179, -17.5000076, -22.4999943, 1, -4.71655142e-008, -4.97379915e-014, 1.88608098e-008, 1, 2.98023224e-008, 2.60920601e-008, 8.94069672e-008, 1)
w19 = Instance.new("Weld", p19)
w19.Name = "Part_Weld"
w19.Part0 = p19
w19.C0 = CFrame.new(1.50000179, -17.5000076, -22.4999943, 1, -4.71655142e-008, -4.97379915e-014, 1.88608098e-008, 1, 2.98023224e-008, 2.60920601e-008, 8.94069672e-008, 1)
w19.Part1 = p20
w19.C1 = CFrame.new(1.50000179, -17.5000076, -22.4999943, 1, -4.71655142e-008, -4.97379915e-014, 1.88608098e-008, 1, 2.98023224e-008, 2.60920601e-008, 8.94069672e-008, 1)
w20 = Instance.new("Weld", p20)
w20.Name = "Part_Weld"
w20.Part0 = p20
w20.C0 = CFrame.new(1.50000179, -17.5000076, -22.4999943, 1, -4.71655142e-008, -4.97379915e-014, 1.88608098e-008, 1, 2.98023224e-008, 2.60920601e-008, 8.94069672e-008, 1)
w20.Part1 = p21
w20.C1 = CFrame.new(22.4999943, 10.3648901, -13.0979404, -3.09086232e-008, 1.63798575e-007, -1, -0.707106888, -0.70710665, -9.39673512e-008, -0.70710665, 0.707106888, 1.37678796e-007)
w21 = Instance.new("Weld", p21)
w21.Name = "Part_Weld"
w21.Part0 = p21
w21.C0 = CFrame.new(22.4999943, 10.3648901, -13.0979404, -3.09086232e-008, 1.63798575e-007, -1, -0.707106888, -0.70710665, -9.39673512e-008, -0.70710665, 0.707106888, 1.37678796e-007)
w21.Part1 = p22
w21.C1 = CFrame.new(22.4999981, -6.56083632, 15.8073826, 6.53831052e-008, -1.56958208e-007, -1, 0.866025388, 0.5, -2.18557226e-008, 0.5, -0.866025388, 1.68621398e-007)
w22 = Instance.new("Weld", p22)
w22.Name = "Part_Weld"
w22.Part0 = p22
w22.C0 = CFrame.new(22.4999981, -6.56083632, 15.8073826, 6.53831052e-008, -1.56958208e-007, -1, 0.866025388, 0.5, -2.18557226e-008, 0.5, -0.866025388, 1.68621398e-007)
w22.Part1 = p23
w22.C1 = CFrame.new(22.5, -0.667109907, 17.6726532, -4.30473222e-008, -2.02297542e-007, -1, 0.984807789, 0.17364794, -7.75219178e-008, 0.17364794, -0.984807789, 1.91749166e-007)
w23 = Instance.new("Weld", p23)
