local p = game.Players.LocalPlayer
player = p
local char = p.Character
local mouse = p:GetMouse()
local larm = char["Left Arm"]
local rarm = char["Right Arm"]
local lleg = char["Left Leg"]
local rleg = char["Right Leg"]
local hed = char.Head
local torso = char.Torso
local hum = char.Humanoid
local cam = game.Workspace.CurrentCamera
local root = char.HumanoidRootPart
local deb = false
local shot = 0
local rs = game:GetService("RunService").RenderStepped
local stanceToggle = "Landed"
local animpose = "Landed"
local lastanimpose = "Landed"
math.randomseed(os.time())

for i, v in pairs(char:children()) do
  if v:IsA("Hat") then
    v:Destroy()
  end
end

Debounces = {
  CanAttack = true,
  CanJoke = true,
  on = false,
  NoIdl = false,
  Slashing = false,
  Slashed = false,
  Reaping = false,
  Reaped = false,
  Invisible = false
}
local Touche = {
  char.Name
}
function Magik()
  Spawn(function()
    if Debounces.Invisible == false then
      local lerp = function(a, b, c)
        return a + (b - a) * c
      end
      local rndRange = function(rng)
        return math.random(-rng * 1000, rng * 1000) / 1000
      end
      local magik = Instance.new("Part", larm)
      local Colors = {
        "Really red",
        "Really black"
      }
      magik.Anchored = true
      magik.Locked = true
      magik.FormFactor = "Custom"
      magik.Size = Vector3.new(1.2, 1.2, 1.2)
      magik.TopSurface = "Smooth"
      magik.Transparency = 0
      magik.BottomSurface = "Smooth"
      magik.CanCollide = false
      magik.BrickColor = BrickColor.new(Colors[math.random(1, #Colors)])
      local mr = math.rad
      local rnx, rny, rnz = mr(rndRange(180)), mr(rndRange(180)), mr(rndRange(180))
      local cf = larm.CFrame * CFrame.new(0, -0.8, 0) * CFrame.Angles(rnx, rny, rnz)
      magik.CFrame = cf
      for i = 0, 1, 0.05 do
        local newTrans = lerp(0.5, 1, i)
        local ns = lerp(1, 1.2, i)
        magik.Transparency = newTrans
        magik.Size = Vector3.new(ns, ns, ns)
        magik.CFrame = cf
        rs:wait()
      end
      magik:Destroy()
    elseif Debounces.Invisible == true then
      wait()
    end
  end)
end
function Orb()
  local Head = char.Head
  local DistanceAway = 4
  local Speed = 2.4
  local YNum = 0
  local MaxY = 0.5
  local MinY = -0.5
  local Up = true
  local Colours = {
    {
      X = 0.1,
      Y = 0,
      Z = 0
    },
    {
      X = 0.6,
      Y = 0,
      Z = 0
    }
  }
  function Run(Func)
    local Ok, Err = coroutine.resume(coroutine.create(Func))
    if not Ok then
      print(Err)
    end
  end
  local Part = Instance.new("Part")
  Part.BrickColor = BrickColor.new("Really black")
  Part.FormFactor = "Custom"
  Part.Size = Vector3.new(1, 1, 1)
  Part.Archivable = true
  Part.CanCollide = false
  Part.Locked = true
  Part.Position = Head.Position
  Part.Anchored = true
  Part.Name = "Orb"
  Part.TopSurface = "Smooth"
  Part.BottomSurface = "Smooth"
  Part.Parent = char
  local Mesh = Instance.new("SpecialMesh", Part)
  Mesh.MeshId = "rbxassetid://1185246"
  Mesh.TextureId = "rbxassetid://230806497"
  Mesh.Scale = Part.Size * 1.5
  Mesh.VertexColor = Vector3.new(0, 0, 0)
  local Emitter = Instance.new("ParticleEmitter", Part)
  local color1 = Color3.new(1, 0, 0)
  local color2 = Color3.new(0, 0, 0)
  Emitter.Color = ColorSequence.new(color1, color2)
  Emitter.Size = NumberSequence.new(0.8)
  Emitter.Texture = "rbxassetid://243098098"
  Emitter.Lifetime = NumberRange.new(1)
  Emitter.Rate = 200
  Emitter.Rotation = NumberRange.new(720)
  Emitter.RotSpeed = NumberRange.new(140)
  Emitter.Speed = NumberRange.new(0)
  Run(function()
    local ColorNum = 2
    local Iter = 2
    local CurrentX = 0
    local CurrentY = 0
    local CurrentZ = 0
    for i = 1, math.huge / 0.05 do
      if Part.Parent ~= nil then
        local PrevColTab = Colours[ColorNum - 1] or Colours[#Colours]
        local ColTab = Colours[ColorNum]
        if tostring(CurrentX) ~= tostring(ColTab.X) then
          CurrentX = 0 < ColTab.X - PrevColTab.X and CurrentX + 0.01 or Iter <= 1.01 and 0.2 or CurrentX - 0.01
        end
        if tostring(CurrentY) ~= tostring(ColTab.Y) then
          CurrentY = 0 < ColTab.Y - PrevColTab.Y and CurrentY + 0.01 or Iter <= 1.01 and 0 or CurrentY - 0.01
        end
        if tostring(CurrentZ) ~= tostring(ColTab.Z) then
          CurrentZ = 0 < ColTab.Z - PrevColTab.Z and CurrentZ + 0.01 or Iter <= 1.01 and 0 or CurrentZ - 0.01
        end
        Mesh.VertexColor = Vector3.new(CurrentX, CurrentY, CurrentZ)
        if Iter < 1.01 or Iter > 2 then
          ColorNum = ColorNum == #Colours and 1 or ColorNum + 1
          Iter = 2
        else
          Iter = Iter - 0.01
        end
        game:GetService("RunService").RenderStepped:wait()
      else
        break
      end
    end
  end)
  Run(function()
    game:GetService("RunService").RenderStepped:connect(function()
      if char:findFirstChild("Torso") then
        local TorCF = char.Torso.CFrame
        local currentPos = Part.CFrame.p
        local X = math.sin(math.rad(360) + time() / Speed) * DistanceAway
        local Z = math.cos(math.rad(360) + time() / Speed) * DistanceAway / 2
        local Y = 0.002
        if YNum > MaxY then
          Up = false
        elseif YNum < MinY then
          Up = true
        end
        if Up == false then
          Y = -Y
        end
        YNum = YNum + Y
        local endPos = (TorCF * CFrame.new(X, 0, Z)).p
        local movePos = (endPos - currentPos) * 0.25
        currentPos = currentPos + movePos
        Part.CFrame = CFrame.new(currentPos + Vector3.new(0, YNum, 0), TorCF.p)
      end
    end)
  end)
end
Orb()
function Singularity()
  pt = Instance.new("Part")
  pt.Parent = char
  pt.Name = "Singularity"
  pt.BrickColor = BrickColor.new("Really black")
  pt.Size = Vector3.new(1.8, 1, 1.8)
  ptmesh = Instance.new("CylinderMesh", pt)
  ptmesh.Scale = Vector3.new(1.8, 0.1, 1.8)
  ptweld = Instance.new("Weld", pt)
  ptweld.Part0 = larm
  ptweld.Part1 = pt
  ptweld.C0 = CFrame.new(0, -1, 0) * CFrame.Angles(math.rad(0), math.rad(0), math.rad(0))
  ptweld.C1 = CFrame.new(0, 0, 0)
  local childList = {}
  local childSize = {}
  local massConstant = 1
  mass = 24000 * massConstant
  function cross(v1, v2)
    return Vector3.new(v1.y * v2.z - v2.y * v1.z, v1.z * v2.x - v1.x * v2.z, v1.x * v2.y - v2.x * v1.y)
  end
  local min = 0
  local max = 4
  while true do
    repeat
      wait()
      local n = 0
      while true do
        if n % 800 == 0 then
          wait()
        end
        n = n + 1
        local child = childList[n]
        if child ~= pt and child.Parent ~= char and child.Parent ~= char.Wings and child.Parent ~= char.Scythe and child.className == "Part" and child.Anchored == false then
          local relPos = pt.Position - child.Position
          if relPos.magnitude * 240 * massConstant < mass then
            child.RotVelocity = cross(child.CFrame.lookVector, relPos) * 20 / relPos.magnitude
            local canContinue = true
            if relPos.magnitude * 320 * massConstant < mass then
              local length = mass / (320 * relPos.magnitude * massConstant)
              if childSize[n].z * length > relPos.magnitude * 2 then
                mass = mass + child:GetMass()
                child:Remove()
                table.remove(childList, n)
                table.remove(childSize, n)
                canContinue = true
                n = n - 1
              else
                child.CanCollide = true
              end
            end
            motivator = child:FindFirstChild("Singularity")
            motivator = Instance.new("BodyPosition")
            motivator.Parent = child
            motivator.Name = "Singularity"
            motivator.position = pt.Position
            motivator.maxForce = Vector3.new(1, 1, 1) * mass * child:GetMass() / (relPos.magnitude * massConstant)
          end
        end
      end
    until n < #childList
  end
end
function Part(x, y, z, color, tr, cc, an, parent)
  local p = Instance.new("Part", parent or Weapon)
  p.formFactor = "Custom"
  p.Size = Vector3.new(x, y, z)
  p.BrickColor = BrickColor.new(color)
  p.CanCollide = cc
  p.Transparency = tr
  p.Anchored = an
  p.TopSurface, p.BottomSurface = 0, 0
  p.Locked = true
  p:BreakJoints()
  return p
end
function Mesh(par, num, x, y, z)
  local msh = _
  if num == 1 then
    msh = Instance.new("CylinderMesh", par)
  elseif num == 2 then
    msh = Instance.new("SpecialMesh", par)
    msh.MeshType = 3
  elseif num == 3 then
    msh = Instance.new("BlockMesh", par)
  elseif num == 4 then
    msh = Instance.new("SpecialMesh", par)
    msh.MeshType = "Torso"
  elseif type(num) == "string" then
    msh = Instance.new("SpecialMesh", par)
    msh.MeshId = num
  end
  msh.Scale = Vector3.new(x, y, z)
  return msh
end
function explosion(col1, col2, cfr, sz, rng, dmg)
  local a = Part(1, 1, 1, col1, 0.5, false, true, char)
  local a2 = Part(1, 1, 1, col2, 0.5, false, true, char)
  local a3 = Part(1, 1, 1, col2, 0.5, false, true, char)
  v1, v2, v3 = sz.x, sz.y, sz.z
  local m = Mesh(a, "http://www.roblox.com/asset/?id=1185246", v1, v2, v3)
  local m2 = Mesh(a2, 3, v1 / 3, v2 / 3, v3 / 3)
  local m3 = Mesh(a3, 3, v1 / 3, v2 / 3, v3 / 3)
  a.CFrame = cfr
  a2.CFrame = cfr * CFrame.Angles(math.random(), math.random(), math.random())
  a3.CFrame = cfr * CFrame.Angles(math.random(), math.random(), math.random())
  for i, v in pairs(workspace:children()) do
    if v:IsA("Model") and v:findFirstChild("Humanoid") and v:FindFirstChild("Armed") ~= nil and v:findFirstChild("Head") and v:findFirstChild("Torso") and rng > (v:findFirstChild("Torso").Position - a.Position).magnitude and v.Name ~= char.Name then
      local hit = v
      hit.Humanoid.Health = v.Humanoid.Health - dmg
      hit.Torso.Velocity = Vector3.new(math.random(-30, 30), 30, math.random(-30, 30))
      wait(0.1)
    end
  end
  Spawn(function()
    while wait() do
      if a.Transparency >= 1 then
        a:Destroy()
        a2:Destroy()
        a3:Destroy()
        break
      end
      m.Scale = m.Scale + Vector3.new(0.1, 0.1, 0.1)
      m2.Scale = m2.Scale + Vector3.new(0.1, 0.1, 0.1)
      m3.Scale = m3.Scale + Vector3.new(0.1, 0.1, 0.1)
      a.Transparency = a.Transparency + 0.05
      a2.Transparency = a2.Transparency + 0.05
      a3.Transparency = a3.Transparency + 0.05
    end
  end)
end
local keyVectors = {
  w = Vector3.new(0, 0, 1),
  a = Vector3.new(1, 0, 0),
  s = Vector3.new(0, 0, -1),
  d = Vector3.new(-1, 0, 0)
}
local flySpeed = 30
local canFly = false
char.Humanoid.WalkSpeed = 5
function lerp(a, b, t)
  return a + (b - a) * t
end
function slerp(a, b, t)
  dot = a:Dot(b)
  if dot > 0.99999 or dot < -0.99999 then
    return t <= 0.5 and a or b
  else
    r = math.acos(dot)
    return (a * math.sin((1 - t) * r) + b * math.sin(t * r)) / math.sin(r)
  end
end
function matrixInterpolate(a, b, t)
  local ax, ay, az, a00, a01, a02, a10, a11, a12, a20, a21, a22 = a:components()
  local bx, by, bz, b00, b01, b02, b10, b11, b12, b20, b21, b22 = b:components()
  local v0 = lerp(Vector3.new(ax, ay, az), Vector3.new(bx, by, bz), t)
  local v1 = slerp(Vector3.new(a00, a01, a02), Vector3.new(b00, b01, b02), t)
  local v2 = slerp(Vector3.new(a10, a11, a12), Vector3.new(b10, b11, b12), t)
  local v3 = slerp(Vector3.new(a20, a21, a22), Vector3.new(b20, b21, b22), t)
  local t = v1:Dot(v2)
  if not (t < 0) and t ~= 0 and not (t > 0) then
    return CFrame.new()
  end
  return CFrame.new(v0.x, v0.y, v0.z, v1.x, v1.y, v1.z, v2.x, v2.y, v2.z, v3.x, v3.y, v3.z)
end
function genWeld(a, b)
  local w = Instance.new("Weld", a)
  w.Part0 = a
  w.Part1 = b
  return w
end
function weld(a, b)
  local weld = Instance.new("Weld")
  weld.Name = "W"
  weld.Part0 = a
  weld.Part1 = b
  weld.C0 = a.CFrame:inverse() * b.CFrame
  weld.Parent = a
  return weld
end
function Lerp(c1, c2, al)
  local com1 = {
    c1.X,
    c1.Y,
    c1.Z,
    c1:toEulerAnglesXYZ()
  }
  local com2 = {
    c2.X,
    c2.Y,
    c2.Z,
    c2:toEulerAnglesXYZ()
  }
  for i, v in pairs(com1) do
    com1[i] = v + (com2[i] - v) * al
  end
  return CFrame.new(com1[1], com1[2], com1[3]) * CFrame.Angles(select(4, unpack(com1)))
end
function newWeld(wp0, wp1, wc0x, wc0y, wc0z)
  wld = Instance.new("Weld", wp1)
  wld.Part0 = wp0
  wld.Part1 = wp1
  wld.C0 = CFrame.new(wc0x, wc0y, wc0z)
end
function HasntTouched(plrname)
  local ret = true
  for _, v in pairs(Touche) do
    if v == plrname then
      ret = false
    end
  end
  return ret
end
newWeld(torso, larm, -1.5, 0.5, 0)
larm.Weld.C1 = CFrame.new(0, 0.5, 0)
newWeld(torso, rarm, 1.5, 0.5, 0)
rarm.Weld.C1 = CFrame.new(0, 0.5, 0)
newWeld(torso, hed, 0, 1.5, 0)
newWeld(torso, lleg, -0.5, -1, 0)
lleg.Weld.C1 = CFrame.new(0, 1, 0)
newWeld(torso, rleg, 0.5, -1, 0)
rleg.Weld.C1 = CFrame.new(0, 1, 0)
newWeld(root, torso, 0, -1, 0)
torso.Weld.C1 = CFrame.new(0, -1, 0)
lite = Instance.new("PointLight")
lite.Parent = torso
lite.Brightness = 10
lite.Range = 8
lite.Color = Color3.new(1, 0, 0)
tex = {
  "227614710",
  "227614744",
  "176349813"
}

hed.face:Destroy()
for i, v in pairs(hed:children()) do
  if v:IsA("Sound") then
    v:Destroy()
  end
end
local m = Instance.new("Model")
m.Name = "Wings"
p1 = Instance.new("Part", m)
p1.Locked = true
p1.BrickColor = BrickColor.new("Really black")
p1.Material = Enum.Material.Granite
p1.CFrame = CFrame.new(4.00505066, 33.4928169, -4.82146454, 0.183114901, -0.683006704, -0.707055748, -0.0731125548, -0.726672411, 0.683047652, -0.98032999, -0.0733708739, -0.183036968)
p1.CanCollide = false
p1.Locked = true
p1.FormFactor = Enum.FormFactor.Symmetric
p1.Elasticity = 0
p1.Size = Vector3.new(1, 1, 1)
p1.BottomSurface = Enum.SurfaceType.Smooth
p1.TopSurface = Enum.SurfaceType.Smooth
b1 = Instance.new("BlockMesh", p1)
b1.Name = "Mesh"
b1.Scale = Vector3.new(0.299999923, 1, 0.299999923)
p2 = Instance.new("Part", m)
p2.Locked = true
p2.BrickColor = BrickColor.new("Really black")
p2.Material = Enum.Material.Granite
p2.CFrame = CFrame.new(4.74708462, 33.9485626, -4.68552876, 0.250160784, -0.932976127, -0.258712411, -0.0848884508, -0.287296951, 0.954047561, -0.96443516, -0.216712922, -0.15110597)
p2.CanCollide = false
p2.Locked = true
p2.FormFactor = Enum.FormFactor.Symmetric
p2.Elasticity = 0
p2.Size = Vector3.new(1, 1, 1)
p2.BottomSurface = Enum.SurfaceType.Smooth
p2.TopSurface = Enum.SurfaceType.Smooth
b2 = Instance.new("BlockMesh", p2)
b2.Name = "Mesh"
b2.Scale = Vector3.new(0.299999923, 1, 0.299999923)
p3 = Instance.new("Part", m)
p3.Locked = true
p3.BrickColor = BrickColor.new("Really black")
p3.Material = Enum.Material.Granite
p3.CFrame = CFrame.new(5.5990572, 33.9660759, -4.46874762, 0.250122428, -0.932927489, 0.258925021, -0.100628398, 0.240945876, 0.965283036, -0.962929666, -0.267520964, -0.0336397961)
p3.CanCollide = false
p3.Locked = true
p3.FormFactor = Enum.FormFactor.Symmetric
p3.Elasticity = 0
p3.Size = Vector3.new(1, 1, 1)
p3.BottomSurface = Enum.SurfaceType.Smooth
p3.TopSurface = Enum.SurfaceType.Smooth
b3 = Instance.new("BlockMesh", p3)
b3.Name = "Mesh"
b3.Scale = Vector3.new(0.299999923, 1, 0.299999923)
p4 = Instance.new("Part", m)
p4.Locked = true
p4.BrickColor = BrickColor.new("Really black")
p4.Material = Enum.Material.Granite
p4.CFrame = CFrame.new(4.69753027, 32.2661591, -5.10262108, 0.999978602, 3.89814377E-5, -1.2204051E-5, -5.93364239E-5, 0.965853453, -0.258997083, 1.88481063E-5, 0.258963734, 0.965852261)
p4.CanCollide = false
p4.Locked = true
p4.FormFactor = Enum.FormFactor.Symmetric
p4.Elasticity = 0
p4.Size = Vector3.new(1, 4, 1)
p4.BottomSurface = Enum.SurfaceType.Smooth
p4.TopSurface = Enum.SurfaceType.Smooth
b4 = Instance.new("BlockMesh", p4)
b4.Name = "Mesh"
b4.Scale = Vector3.new(0.099999927, 0.899999976, 0.099999927)
p5 = Instance.new("Part", m)
p5.Locked = true
p5.BrickColor = BrickColor.new("Really black")
p5.Material = Enum.Material.Granite
p5.CFrame = CFrame.new(3.19703007, 32.616993, -4.90421152, 0.18311964, -0.707020223, 0.683042347, -0.0731106997, 0.683084905, 0.726637542, -0.980329216, -0.183035403, 0.0733848959)
p5.CanCollide = false
p5.Locked = true
p5.FormFactor = Enum.FormFactor.Symmetric
p5.Elasticity = 0
p5.Size = Vector3.new(1, 1, 2)
p5.BottomSurface = Enum.SurfaceType.Smooth
p5.TopSurface = Enum.SurfaceType.Smooth
b5 = Instance.new("SpecialMesh", p5)
b5.MeshType = Enum.MeshType.Wedge
b5.Name = "Mesh"
b5.Scale = Vector3.new(0.319999993, 0.299999923, 0.699999928)
p6 = Instance.new("Part", m)
p6.Locked = true
p6.BrickColor = BrickColor.new("Really black")
p6.Material = Enum.Material.Granite
p6.CFrame = CFrame.new(3.69605827, 31.8634911, -4.90406418, 0.994495451, 0.104575306, -1.62813812E-5, -0.103575408, 0.984787226, -0.13935037, -0.0145363435, 0.138556957, 0.990213752)
p6.CanCollide = false
p6.Locked = true
p6.FormFactor = Enum.FormFactor.Symmetric
p6.Elasticity = 0
p6.Size = Vector3.new(1, 3, 1)
p6.BottomSurface = Enum.SurfaceType.Smooth
p6.TopSurface = Enum.SurfaceType.Smooth
b6 = Instance.new("BlockMesh", p6)
b6.Name = "Mesh"
b6.Scale = Vector3.new(0.099999927, 0.899999976, 0.099999927)
p7 = Instance.new("Part", m)
p7.Locked = true
p7.BrickColor = BrickColor.new("Really black")
p7.Material = Enum.Material.Granite
p7.CFrame = CFrame.new(5.69514275, 32.2612495, -4.70427704, 0.994507253, -0.104462557, -3.46558663E-5, 0.103659078, 0.987076342, -0.122013614, 0.0127939917, 0.121307924, 0.992498517)
p7.CanCollide = false
p7.Locked = true
p7.FormFactor = Enum.FormFactor.Symmetric
p7.Elasticity = 0
p7.Size = Vector3.new(1, 4, 1)
p7.BottomSurface = Enum.SurfaceType.Smooth
p7.TopSurface = Enum.SurfaceType.Smooth
b7 = Instance.new("BlockMesh", p7)
b7.Name = "Mesh"
b7.Scale = Vector3.new(0.099999927, 0.899999976, 0.099999927)
p8 = Instance.new("Part", m)
p8.Locked = true
p8.BrickColor = BrickColor.new("Really black")
p8.Material = Enum.Material.Granite
p8.CFrame = CFrame.new(7.3525548, 32.5016174, -3.83479047, 0.183080241, -0.682897449, 0.707170248, -0.183076292, 0.683073223, 0.706997991, -0.965858579, -0.258940101, 2.44453549E-5)
p8.CanCollide = false
p8.Locked = true
p8.FormFactor = Enum.FormFactor.Symmetric
p8.Elasticity = 0
p8.Size = Vector3.new(1, 4, 1)
p8.BottomSurface = Enum.SurfaceType.Smooth
p8.TopSurface = Enum.SurfaceType.Smooth
b8 = Instance.new("BlockMesh", p8)
b8.Name = "Mesh"
b8.Scale = Vector3.new(0.299999923, 1, 0.299999923)
p9 = Instance.new("Part", m)
p9.Locked = true
p9.BrickColor = BrickColor.new("Really black")
p9.Material = Enum.Material.Granite
p9.CFrame = CFrame.new(6.69344425, 31.7584076, -4.00551939, 0.996166587, 0.0872306526, -3.4507364E-5, -0.0871950984, 0.995560527, 0.0347601473, 0.00308645656, -0.0346546173, 0.999360979)
p9.CanCollide = false
p9.Locked = true
p9.FormFactor = Enum.FormFactor.Symmetric
p9.Elasticity = 0
p9.Size = Vector3.new(1, 3, 1)
p9.BottomSurface = Enum.SurfaceType.Smooth
p9.TopSurface = Enum.SurfaceType.Smooth
b9 = Instance.new("BlockMesh", p9)
b9.Name = "Mesh"
b9.Scale = Vector3.new(0.099999927, 0.899999976, 0.099999927)
p10 = Instance.new("Part", m)
p10.Locked = true
p10.BrickColor = BrickColor.new("Really black")
p10.Material = Enum.Material.Granite
p10.CFrame = CFrame.new(11.0333385, 32.4983444, -3.83598185, -0.182976365, -0.683012605, -0.707085848, -0.183169425, -0.682933569, 0.707108617, -0.965865672, 0.258913875, -1.81082636E-4)
p10.CanCollide = false
p10.Locked = true
p10.FormFactor = Enum.FormFactor.Symmetric
p10.Elasticity = 0
p10.Size = Vector3.new(1, 4, 1)
p10.BottomSurface = Enum.SurfaceType.Smooth
p10.TopSurface = Enum.SurfaceType.Smooth
b10 = Instance.new("BlockMesh", p10)
b10.Name = "Mesh"
b10.Scale = Vector3.new(0.299999923, 1, 0.299999923)
p11 = Instance.new("Part", m)
p11.Locked = true
p11.BrickColor = BrickColor.new("Really black")
p11.Material = Enum.Material.Granite
p11.CFrame = CFrame.new(7.69124699, 31.2556458, -3.70668387, 0.965880513, 0.258904785, -3.89236957E-5, -0.258764327, 0.965280056, -0.0350343585, -0.00900821667, 0.0338230878, 0.999353766)
p11.CanCollide = false
p11.Locked = true
p11.FormFactor = Enum.FormFactor.Symmetric
p11.Elasticity = 0
p11.Size = Vector3.new(1, 2, 1)
p11.BottomSurface = Enum.SurfaceType.Smooth
p11.TopSurface = Enum.SurfaceType.Smooth
b11 = Instance.new("BlockMesh", p11)
b11.Name = "Mesh"
b11.Scale = Vector3.new(0.099999927, 0.899999976, 0.099999927)
p12 = Instance.new("Part", m)
p12.Locked = true
p12.BrickColor = BrickColor.new("Really black")
p12.Material = Enum.Material.Granite
p12.CFrame = CFrame.new(10.6899939, 31.2537575, -3.807019, 0.965932727, -0.258710295, -5.67453499E-5, 0.258531392, 0.965343654, -0.0350018553, 0.0091185784, 0.0337598696, 0.999354899)
p12.CanCollide = false
p12.Locked = true
p12.FormFactor = Enum.FormFactor.Symmetric
p12.Elasticity = 0
p12.Size = Vector3.new(1, 2, 1)
p12.BottomSurface = Enum.SurfaceType.Smooth
p12.TopSurface = Enum.SurfaceType.Smooth
b12 = Instance.new("BlockMesh", p12)
b12.Name = "Mesh"
b12.Scale = Vector3.new(0.099999927, 0.899999976, 0.099999927)
p13 = Instance.new("Part", m)
p13.Locked = true
p13.BrickColor = BrickColor.new("Really black")
p13.Material = Enum.Material.Granite
p13.CFrame = CFrame.new(11.6887894, 31.7515755, -4.00750923, 0.996184528, -0.0870245844, -6.56315169E-5, 0.0869554803, 0.995579183, 0.0348259509, -0.00295105297, -0.034732528, 0.999358773)
p13.CanCollide = false
p13.Locked = true
p13.FormFactor = Enum.FormFactor.Symmetric
p13.Elasticity = 0
p13.Size = Vector3.new(1, 3, 1)
p13.BottomSurface = Enum.SurfaceType.Smooth
p13.TopSurface = Enum.SurfaceType.Smooth
b13 = Instance.new("BlockMesh", p13)
b13.Name = "Mesh"
b13.Scale = Vector3.new(0.099999927, 0.899999976, 0.099999927)
p14 = Instance.new("Part", m)
p14.Locked = true
p14.BrickColor = BrickColor.new("Really black")
p14.Material = Enum.Material.Granite
p14.CFrame = CFrame.new(12.7923355, 33.9332466, -4.46212053, -0.249924123, 0.933040857, 0.258707672, -0.201046765, 0.211336777, -0.956487834, -0.947125912, -0.291055977, 0.13480334)
p14.CanCollide = false
p14.Locked = true
p14.FormFactor = Enum.FormFactor.Symmetric
p14.Elasticity = 0
p14.Size = Vector3.new(1, 1, 1)
p14.BottomSurface = Enum.SurfaceType.Smooth
p14.TopSurface = Enum.SurfaceType.Smooth
b14 = Instance.new("BlockMesh", p14)
b14.Name = "Mesh"
b14.Scale = Vector3.new(0.299999923, 1, 0.299999923)
p15 = Instance.new("Part", m)
p15.Locked = true
p15.BrickColor = BrickColor.new("Really black")
p15.Material = Enum.Material.Granite
p15.CFrame = CFrame.new(12.6862593, 32.2479095, -4.7085743, 0.994484186, 0.104681045, -9.06065106E-5, -0.103929043, 0.987058163, -0.121930704, -0.0126541853, 0.12123926, 0.992508888)
p15.CanCollide = false
p15.Locked = true
p15.FormFactor = Enum.FormFactor.Symmetric
p15.Elasticity = 0
p15.Size = Vector3.new(1, 4, 1)
p15.BottomSurface = Enum.SurfaceType.Smooth
p15.TopSurface = Enum.SurfaceType.Smooth
b15 = Instance.new("BlockMesh", p15)
b15.Name = "Mesh"
b15.Scale = Vector3.new(0.099999927, 0.899999976, 0.099999927)
p16 = Instance.new("Part", m)
p16.Locked = true
p16.BrickColor = BrickColor.new("Really black")
p16.Material = Enum.Material.Granite
p16.CFrame = CFrame.new(13.6850252, 32.1465797, -5.10911608, 0.999978483, 1.53689994E-4, -1.32530608E-4, -2.01218107E-4, 0.965894699, -0.258842885, 1.05372645E-4, 0.258809566, 0.965893686)
p16.CanCollide = false
p16.Locked = true
p16.FormFactor = Enum.FormFactor.Symmetric
p16.Elasticity = 0
p16.Size = Vector3.new(1, 4, 1)
p16.BottomSurface = Enum.SurfaceType.Smooth
p16.TopSurface = Enum.SurfaceType.Smooth
b16 = Instance.new("BlockMesh", p16)
b16.Name = "Mesh"
b16.Scale = Vector3.new(0.099999927, 0.899999976, 0.099999927)
p17 = Instance.new("Part", m)
p17.Locked = true
p17.BrickColor = BrickColor.new("Really black")
p17.Material = Enum.Material.Granite
p17.CFrame = CFrame.new(13.6215448, 33.8896255, -4.67470169, -0.249971449, 0.932958663, -0.25895822, -0.185647413, -0.308687627, -0.932844639, -0.950252473, -0.185085967, 0.250392795)
p17.CanCollide = false
p17.Locked = true
p17.FormFactor = Enum.FormFactor.Symmetric
p17.Elasticity = 0
p17.Size = Vector3.new(1, 1, 1)
p17.BottomSurface = Enum.SurfaceType.Smooth
p17.TopSurface = Enum.SurfaceType.Smooth
b17 = Instance.new("BlockMesh", p17)
b17.Name = "Mesh"
b17.Scale = Vector3.new(0.299999923, 1, 0.299999923)
p18 = Instance.new("Part", m)
p18.Locked = true
p18.BrickColor = BrickColor.new("Really black")
p18.Material = Enum.Material.Granite
p18.CFrame = CFrame.new(14.3830872, 33.3993073, -4.76018381, -0.20159933, 0.702869058, -0.682121515, -0.186127961, -0.711234272, -0.677830637, -0.961583436, -0.00965368003, 0.274221182)
p18.CanCollide = false
p18.Locked = true
p18.FormFactor = Enum.FormFactor.Symmetric
p18.Elasticity = 0
p18.Size = Vector3.new(1, 1, 1)
p18.BottomSurface = Enum.SurfaceType.Smooth
p18.TopSurface = Enum.SurfaceType.Smooth
b18 = Instance.new("BlockMesh", p18)
b18.Name = "Mesh"
b18.Scale = Vector3.new(0.299999923, 1, 0.299999923)
p19 = Instance.new("Part", m)
p19.Locked = true
p19.BrickColor = BrickColor.new("Really black")
p19.Material = Enum.Material.Granite
p19.CFrame = CFrame.new(14.680851, 31.7412434, -4.91061258, 0.994524717, -0.104295641, -1.06811523E-4, 0.10324651, 0.984840035, -0.139221251, 0.0146392882, 0.138416395, 0.99023217)
p19.CanCollide = false
p19.Locked = true
p19.FormFactor = Enum.FormFactor.Symmetric
p19.Elasticity = 0
p19.Size = Vector3.new(1, 3, 1)
p19.BottomSurface = Enum.SurfaceType.Smooth
p19.TopSurface = Enum.SurfaceType.Smooth
b19 = Instance.new("BlockMesh", p19)
b19.Name = "Mesh"
b19.Scale = Vector3.new(0.099999927, 0.899999976, 0.099999927)
p20 = Instance.new("Part", m)
p20.Locked = true
p20.BrickColor = BrickColor.new("Really black")
p20.Material = Enum.Material.Granite
p20.CFrame = CFrame.new(15.2249002, 32.5392723, -4.76552296, 0.201453701, 0.682167888, -0.702865899, 0.186143726, 0.677821279, 0.7112391, 0.961610973, -0.274129003, 0.00953372568)
p20.CanCollide = false
p20.Locked = true
p20.FormFactor = Enum.FormFactor.Symmetric
p20.Elasticity = 0
p20.Size = Vector3.new(1, 1, 2)
p20.BottomSurface = Enum.SurfaceType.Smooth
p20.TopSurface = Enum.SurfaceType.Smooth
b20 = Instance.new("SpecialMesh", p20)
b20.MeshType = Enum.MeshType.Wedge
b20.Name = "Mesh"
b20.Scale = Vector3.new(0.319999993, 0.299999923, 0.699999928)
w1 = Instance.new("Weld", p1)
w1.Name = "Weld"
w1.Part0 = p1
w1.C0 = CFrame.new(-3.01126528, 26.7200279, -20.9279003, 0.183114901, -0.0731125548, -0.98032999, -0.683006704, -0.726672411, -0.0733708739, -0.707055748, 0.683047652, -0.183036968)
w1.Part1 = p2
w1.C1 = CFrame.new(-2.82322073, 13.1690922, -31.8693428, 0.250166863, -0.0849119872, -0.964431524, -0.932969987, -0.287320077, -0.216708973, -0.258728862, 0.95403856, -0.151135027)
w2 = Instance.new("Weld", p2)
w2.Name = "Weld"
w2.Part0 = p2
w2.C0 = CFrame.new(-2.8245821, 13.1668215, -31.8684235, 0.250160784, -0.0848884508, -0.96443516, -0.932976127, -0.287296951, -0.216712922, -0.258712411, 0.954047561, -0.15110597)
w2.Part1 = p3
w2.C1 = CFrame.new(-2.28424144, -4.15451765, -34.3888512, 0.250128031, -0.100651339, -0.962925732, -0.932930112, 0.24092333, -0.267531633, 0.258909881, 0.965286374, -0.0336657539)
w3 = Instance.new("Weld", p3)
w3.Name = "Weld"
w3.Part0 = p3
w3.C0 = CFrame.new(-2.28558755, -4.15595484, -34.3869438, 0.250122428, -0.100628398, -0.962929666, -0.932927489, 0.240945876, -0.267520964, 0.258925021, 0.965283036, -0.0336397961)
w3.Part1 = p4
w3.C1 = CFrame.new(-4.69691086, -29.8441048, 13.2859917, 0.999978542, -4.08291817E-5, 1.67358667E-6, 2.62409449E-5, 0.965845168, 0.258995235, 9.07480717E-6, -0.259028792, 0.965843678)
w4 = Instance.new("Weld", p4)
w4.Name = "Weld"
w4.Part0 = p4
w4.C0 = CFrame.new(-4.69541883, -29.8431702, 13.2852764, 0.999978602, -5.93364239E-5, 1.88481063E-5, 3.89814377E-5, 0.965853453, 0.258963734, -1.2204051E-5, -0.258997083, 0.965852261)
w4.Part1 = p5
w4.C1 = CFrame.new(-3.00703287, -20.9178867, -25.5261555, 0.183128908, -0.0731364638, -0.98032546, -0.707014203, 0.683083951, -0.183059886, 0.683045924, 0.726636648, 0.0733732358)
w5 = Instance.new("Weld", p5)
w5.Name = "Weld"
w5.Part0 = p5
w5.C0 = CFrame.new(-3.00852942, -20.9174557, -25.5245419, 0.18311964, -0.0731106997, -0.980329216, -0.707020223, 0.683084905, -0.183035403, 0.683042347, 0.726637542, 0.0733848959)
w5.Part1 = p6
w5.C1 = CFrame.new(-0.44799307, -31.0869961, 9.29689217, 0.994496524, -0.103558064, -0.0145571418, 0.104563534, 0.984785318, 0.13858816, 3.20933759E-6, -0.139384151, 0.990208864)
w6 = Instance.new("Weld", p6)
w6.Name = "Weld"
w6.Part0 = p6
w6.C0 = CFrame.new(-0.446726084, -31.085783, 9.29632187, 0.994495451, -0.103575408, -0.0145363435, 0.104575306, 0.984787226, 0.138556957, -1.62813812E-5, -0.13935037, 0.990213752)
w6.Part1 = p7
w6.C1 = CFrame.new(-8.9495039, -30.6797161, 8.60602665, 0.994505703, 0.103678115, 0.0127804801, -0.104474045, 0.98707211, 0.121342868, -1.54954214E-5, -0.122048028, 0.992493927)
w7 = Instance.new("Weld", p7)
w7.Name = "Weld"
w7.Part0 = p7
w7.C0 = CFrame.new(-8.94784546, -30.6787224, 8.60549736, 0.994507253, 0.103659078, 0.0127939917, -0.104462557, 0.987076342, 0.121307924, -3.46558663E-5, -0.122013614, 0.992498517)
w7.Part1 = p8
w7.C1 = CFrame.new(0.90177393, -18.1730423, -28.1796837, 0.183085978, -0.183097184, -0.965851784, -0.68289125, 0.683066607, -0.258961439, 0.707173645, 0.707004905, 1.36196613E-5)
w8 = Instance.new("Weld", p8)
w8.Name = "Weld"
w8.Part0 = p8
w8.C0 = CFrame.new(0.900302649, -18.172924, -28.1779938, 0.183080241, -0.183076292, -0.965858579, -0.682897449, 0.683073223, -0.258940101, 0.707170248, 0.706997991, 2.44453549E-5)
w8.Part1 = p9
w8.C1 = CFrame.new(-3.88768721, -32.3414574, 2.89949036, 0.996168256, -0.0871771574, 0.00306662358, 0.0872120261, 0.995563269, -0.0346250534, -1.79689378E-5, 0.034728989, 0.999362051)
w9 = Instance.new("Weld", p9)
w9.Name = "Weld"
w9.Part0 = p9
w9.C0 = CFrame.new(-3.88624525, -32.3400993, 2.89926386, 0.996166587, -0.0871950984, 0.00308645656, 0.0872306526, 0.995560527, -0.0346546173, -3.4507364E-5, 0.0347601473, 0.999360979)
w9.Part1 = p10
w9.C1 = CFrame.new(4.2683754, 30.7251549, -15.1793909, -0.182957828, -0.183199286, -0.965863526, -0.683015704, -0.68292743, 0.258921832, -0.707087696, 0.707106888, -2.15830281E-4)
w10 = Instance.new("Weld", p10)
w10.Name = "Weld"
w10.Part0 = p10
w10.C0 = CFrame.new(4.26650047, 30.7233086, -15.1790371, -0.182976365, -0.183169425, -0.965865672, -0.683012605, -0.682933569, 0.258913875, -0.707085848, 0.707108617, -1.81082636E-4)
w10.Part1 = p11
w10.C1 = CFrame.new(0.62466073, -32.0378494, 4.79988861, 0.965884089, -0.25875017, -0.00903337821, 0.258891433, 0.965282679, 0.0338500105, -2.11130828E-5, -0.0350668617, 0.999352574)
w11 = Instance.new("Weld", p11)
w11.Name = "Weld"
w11.Part0 = p11
w11.C0 = CFrame.new(0.625629783, -32.0363846, 4.79960918, 0.965880513, -0.258764327, -0.00900821667, 0.258904785, 0.965280056, 0.0338230878, -3.89236957E-5, -0.0350343585, 0.999353766)
w11.Part1 = p12
w11.C1 = CFrame.new(-18.3733082, -27.2772636, 4.89948606, 0.965928197, 0.258548319, 0.00911035948, -0.258726895, 0.965337932, 0.0337957405, -3.89107154E-5, -0.0350343771, 0.999353766)
w12 = Instance.new("Weld", p12)
w12.Name = "Weld"
w12.Part0 = p12
w12.C0 = CFrame.new(-18.3711777, -27.2764797, 4.89910936, 0.965932727, 0.258531392, 0.0091185784, -0.258710295, 0.965343654, 0.0337598696, -5.67453499E-5, -0.0350018553, 0.999354899)
w12.Part1 = p13
w12.C1 = CFrame.new(-14.4189634, -30.7343349, 2.90014172, 0.996183038, 0.0869738981, -0.00296546891, -0.0870435014, 0.995578647, -0.0346999466, -4.90876228E-5, 0.0347947553, 0.999359846)
w13 = Instance.new("Weld", p13)
w13.Name = "Weld"
w13.Part0 = p13
w13.C0 = CFrame.new(-14.4169912, -30.7331867, 2.89992785, 0.996184528, 0.0869554803, -0.00295105297, -0.0870245844, 0.995579183, -0.034732528, -6.56315169E-5, 0.0348259509, 0.999358773)
w13.Part1 = p14
w13.C1 = CFrame.new(5.79514027, -20.4076347, 29.7497234, -0.249904647, -0.201077104, -0.947124541, 0.933041394, 0.211347103, -0.291046262, 0.258724064, -0.956479192, 0.134833321)
w14 = Instance.new("Weld", p14)
w14.Name = "Weld"
w14.Part0 = p14
w14.C0 = CFrame.new(5.79309225, -20.4058418, 29.7487717, -0.249924123, -0.201046765, -0.947125912, 0.933040857, 0.211336777, -0.291055977, 0.258707672, -0.956487834, 0.13480334)
w14.Part1 = p15
w14.C1 = CFrame.new(-9.32605648, -32.5890007, 8.60702801, 0.994485676, -0.103911966, -0.0126748905, 0.10466665, 0.987055898, 0.121270344, -7.13467598E-5, -0.121963806, 0.992504835)
w15 = Instance.new("Weld", p15)
w15.Name = "Weld"
w15.Part0 = p15
w15.C0 = CFrame.new(-9.32437229, -32.5877075, 8.60646152, 0.994484186, -0.103929043, -0.0126541853, 0.104681045, 0.987058163, 0.12123926, -9.06065106E-5, -0.121930704, 0.992508888)
w15.Part1 = p16
w15.C1 = CFrame.new(-13.6797218, -29.7310848, 13.2582951, 0.999978483, -1.82760923E-4, 8.82308159E-5, 1.40290926E-4, 0.965886235, 0.258840919, -1.11197325E-4, -0.258874267, 0.965885282)
w16 = Instance.new("Weld", p16)
w16.Name = "Weld"
w16.Part0 = p16
w16.C0 = CFrame.new(-13.6777229, -29.7300262, 13.2575903, 0.999978483, -2.01218107E-4, 1.05372645E-4, 1.53689994E-4, 0.965894699, 0.258809566, -1.32530608E-4, -0.258842885, 0.965893686)
w16.Part1 = p17
w16.C1 = CFrame.new(5.25641394, -3.11353135, 36.3133812, -0.249951899, -0.185678303, -0.95025146, 0.932969809, -0.308667481, -0.185063779, -0.25893718, -0.932845175, 0.250412643)
w17 = Instance.new("Weld", p17)
w17.Name = "Weld"
w17.Part0 = p17
w17.C0 = CFrame.new(5.25437212, -3.11225104, 36.3116798, -0.249971449, -0.185647413, -0.950252473, 0.932958663, -0.308687627, -0.185085967, -0.25895822, -0.932844639, 0.250392795)
w17.Part1 = p18
w17.C1 = CFrame.new(4.54062843, 13.5992327, 33.757431, -0.201580539, -0.186157972, -0.961581469, 0.70288074, -0.711223066, -0.00962240249, -0.682114959, -0.677834094, 0.274228811)
w18 = Instance.new("Weld", p18)
w18.Name = "Weld"
w18.Part0 = p18
w18.C0 = CFrame.new(4.53885221, 13.5993519, 33.7554321, -0.20159933, -0.186127961, -0.961583436, 0.702869058, -0.711234272, -0.00965368003, -0.682121515, -0.677830637, 0.274221182)
w18.Part1 = p19
w18.C1 = CFrame.new(-17.8078384, -29.0500088, 9.28386497, 0.994522929, 0.103265405, 0.0146258771, -0.10431245, 0.984833241, 0.13845095, -8.73506069E-5, -0.139254272, 0.99022752)
w19 = Instance.new("Weld", p19)
w19.Name = "Weld"
w19.Part0 = p19
w19.C0 = CFrame.new(-17.8057537, -29.0491905, 9.28326988, 0.994524717, 0.10324651, 0.0146392882, -0.104295641, 0.984840035, 0.138416395, -1.06811523E-4, -0.139221251, 0.99023217)
w19.Part1 = p20
w19.C1 = CFrame.new(-4.54328012, -33.7499733, -12.3970623, 0.201434925, 0.186173707, 0.961609066, 0.682171226, 0.677814841, -0.274136811, -0.702868044, 0.71123749, 0.00949859619)
w20 = Instance.new("Weld", p20)
w20.Name = "Head_Weld"
w20.Part0 = p20
w20.C0 = CFrame.new(-4.56198359, -33.785675, -12.3958597, 0.201463863, 0.186141863, 0.961645186, 0.681998372, 0.678058743, -0.274119109, -0.703055739, 0.711058617, 0.00965214521)
m.Parent = char
m:MakeJoints()
local cor = Instance.new("Part", char.Wings)
cor.Name = "Thingy"
cor.Locked = true
cor.BottomSurface = 0
cor.CanCollide = false
cor.Size = Vector3.new(1, 6, 1)
cor.Transparency = 1
cor.TopSurface = 0
corw = Instance.new("Weld", cor)
corw.Part0 = torso
corw.Part1 = cor
corw.C0 = CFrame.new(3.8, 5.2, 2.3) * CFrame.Angles(math.rad(290), math.rad(45), math.rad(-100))
corw.C1 = CFrame.new(0, 0, 0)
weld1 = Instance.new("Weld", char.Wings)
weld1.Part0 = cor
weld1.Part1 = p1
weld1.C0 = CFrame.new(0, 3, -1)
local m1 = Instance.new("Model")
m1.Name = "Scythe"
p1 = Instance.new("Part", m1)
p1.Locked = true
p1.BrickColor = BrickColor.new("Really black")
p1.Material = "Granite"
p1.Name = "Part5"
p1.CFrame = CFrame.new(-15.4790545, 13.1252527, -1.25573051, -0.148844868, -0.181690469, -0.972028434, -0.139209464, 0.977047265, -0.161312819, 0.979018033, 0.111305036, -0.170718044)
p1.CanCollide = false
p1.FormFactor = Enum.FormFactor.Custom
p1.Size = Vector3.new(0.25, 2.25125027, 0.625)
p1.BottomSurface = Enum.SurfaceType.Smooth
p1.TopSurface = Enum.SurfaceType.Smooth
b1 = Instance.new("CylinderMesh", p1)
b1.Name = "Mesh"
p2 = Instance.new("Part", m1)
p2.Locked = true
p2.BrickColor = BrickColor.new("Really black")
p2.Material = "Granite"
p2.Name = "Part6"
p2.CFrame = CFrame.new(-15.3824081, 10.952775, -1.24440408, -0.128349721, 0.0941501483, -0.987252772, 0.129729301, 0.988533914, 0.0774054229, 0.983212769, -0.118139267, -0.139088899)
p2.CanCollide = false
p2.FormFactor = Enum.FormFactor.Custom
p2.Size = Vector3.new(0.25, 2.25125027, 0.625)
p2.BottomSurface = Enum.SurfaceType.Smooth
p2.TopSurface = Enum.SurfaceType.Smooth
b2 = Instance.new("CylinderMesh", p2)
b2.Name = "Mesh"
p3 = Instance.new("Part", m1)
p3.Locked = true
p3.BrickColor = BrickColor.new("Really black")
p3.Material = "Granite"
p3.Name = "Part7"
p3.CFrame = CFrame.new(-15.4747982, 13.69979, -1.75563574, -0.972027183, -0.129069194, 0.196240276, -0.161315769, 0.97412771, -0.158338636, -0.170723677, -0.185564086, -0.967692614)
p3.CanCollide = false
p3.FormFactor = Enum.FormFactor.Custom
p3.Size = Vector3.new(0.200000003, 0.625, 1.18875003)
p3.BottomSurface = Enum.SurfaceType.Smooth
p3.TopSurface = Enum.SurfaceType.Smooth
b3 = Instance.new("BlockMesh", p3)
b3.Name = "Mesh"
b3.Scale = Vector3.new(0.618750155, 1, 1)
p4 = Instance.new("Part", m1)
p4.Locked = true
p4.BrickColor = BrickColor.new("Bright red")
p4.Material = "Granite"
p4.Name = "Part8"
p4.CFrame = CFrame.new(-15.4781666, 13.7140617, -1.73542035, -0.972027183, -0.129069448, 0.196239948, -0.161315426, 0.974126935, -0.158338472, -0.170723975, -0.185564145, -0.967692196)
p4.CanCollide = false
p4.FormFactor = Enum.FormFactor.Custom
p4.Size = Vector3.new(0.200000003, 0.396249801, 1.14375019)
p4.BottomSurface = Enum.SurfaceType.Smooth
p4.TopSurface = Enum.SurfaceType.Smooth
b4 = Instance.new("BlockMesh", p4)
b4.Name = "Mesh"
b4.Scale = Vector3.new(0.656250358, 1, 1)
p5 = Instance.new("Part", m1)
p5.Locked = true
p5.BrickColor = BrickColor.new("Really black")
p5.Material = "Granite"
p5.Name = "Handle"
p5.CFrame = CFrame.new(-15.4833899, 8.75200272, -1.18519592, -0.130095989, -0.0039267987, -0.991496682, -0.0667580366, 0.997765779, 0.00480742007, 0.989255846, 0.0668155551, -0.130066052)
p5.CanCollide = false
p5.FormFactor = Enum.FormFactor.Custom
p5.Size = Vector3.new(0.25, 2.25125027, 0.625)
p5.BottomSurface = Enum.SurfaceType.Smooth
p5.TopSurface = Enum.SurfaceType.Smooth
b5 = Instance.new("CylinderMesh", p5)
b5.Name = "Mesh"
p6 = Instance.new("Part", m1)
p6.Locked = true
p6.BrickColor = BrickColor.new("Bright red")
p6.Material = "Granite"
p6.Name = "Part10"
p6.CFrame = CFrame.new(-15.1728735, 13.1544628, -2.97264719, 0.972016573, -0.0361868851, -0.23210828, 0.161354825, 0.820950687, 0.547726691, 0.170728937, -0.569851279, 0.803816617)
p6.CanCollide = false
p6.Size = Vector3.new(1, 1.20000005, 2)
p6.BottomSurface = Enum.SurfaceType.Smooth
p6.TopSurface = Enum.SurfaceType.Smooth
b6 = Instance.new("SpecialMesh", p6)
b6.MeshType = Enum.MeshType.Wedge
b6.Name = "Mesh"
b6.Scale = Vector3.new(0.133749992, 0.308333486, 0.939375103)
p7 = Instance.new("Part", m1)
p7.Locked = true
p7.BrickColor = BrickColor.new("Really black")
p7.Material = "Granite"
p7.Name = "Part11"
p7.CFrame = CFrame.new(-15.0457783, 12.8671103, -3.41416025, 0.972016871, -0.0361844748, -0.232107431, 0.161352873, 0.820949197, 0.547729552, 0.170729101, -0.569853604, 8.03814948E-7)
p7.CanCollide = false
p7.Size = Vector3.new(1, 1.20000005, 3)
p7.BottomSurface = Enum.SurfaceType.Smooth
p7.TopSurface = Enum.SurfaceType.Smooth
b7 = Instance.new("SpecialMesh", p7)
b7.MeshType = Enum.MeshType.Wedge
b7.Name = "Mesh"
b7.Scale = Vector3.new(0.125, 0.459375113, 0.987083375)
p8 = Instance.new("Part", m1)
p8.Locked = true
p8.BrickColor = BrickColor.new("Really black")
p8.Material = "Granite"
p8.Name = "Part12"
p8.CFrame = CFrame.new(-15.3929434, 7.00775528, -1.23400617, -0.00524972379, -0.125177592, -0.992123604, 0.0415780842, 0.991256952, -0.125288621, 0.999125719, -0.0419077873, 1.41561031E-6)
p8.CanCollide = false
p8.FormFactor = Enum.FormFactor.Custom
p8.Size = Vector3.new(0.25, 1.35000002, 0.625)
