--Made by N3xul
local runDummyScript = function(f,scri)
local oldenv = getfenv(f)
local newenv = setmetatable({}, {
__index = function(_, k)
if k:lower() == 'script' then
return scri
else
return oldenv[k]
end
end
})
setfenv(f, newenv)
ypcall(function() f() end)
end
cors = {}
mas = Instance.new("Model",game:GetService("Lighting")) 
mas.Name = "CompiledModel"
o1 = Instance.new("Model")
o2 = Instance.new("Model")
o3 = Instance.new("Model")
o4 = Instance.new("Model")
o5 = Instance.new("WedgePart")
o6 = Instance.new("Part")
o7 = Instance.new("SpecialMesh")
o8 = Instance.new("Part")
o9 = Instance.new("BlockMesh")
o10 = Instance.new("Part")
o11 = Instance.new("BlockMesh")
o12 = Instance.new("WedgePart")
o13 = Instance.new("WedgePart")
o14 = Instance.new("Part")
o15 = Instance.new("BlockMesh")
o16 = Instance.new("Part")
o17 = Instance.new("BlockMesh")
o18 = Instance.new("WedgePart")
o19 = Instance.new("Part")
o20 = Instance.new("BlockMesh")
o21 = Instance.new("WedgePart")
o22 = Instance.new("WedgePart")
o23 = Instance.new("WedgePart")
o24 = Instance.new("Part")
o25 = Instance.new("BlockMesh")
o26 = Instance.new("Part")
o27 = Instance.new("BlockMesh")
o28 = Instance.new("Part")
o29 = Instance.new("BlockMesh")
o30 = Instance.new("Part")
o31 = Instance.new("BlockMesh")
o32 = Instance.new("Part")
o33 = Instance.new("BlockMesh")
o34 = Instance.new("Part")
o35 = Instance.new("BlockMesh")
o36 = Instance.new("Part")
o37 = Instance.new("BlockMesh")
o38 = Instance.new("Part")
o39 = Instance.new("BlockMesh")
o40 = Instance.new("Part")
o41 = Instance.new("BlockMesh")
o42 = Instance.new("Part")
o43 = Instance.new("BlockMesh")
o44 = Instance.new("Part")
o45 = Instance.new("BlockMesh")
o46 = Instance.new("Part")
o47 = Instance.new("BlockMesh")
o48 = Instance.new("WedgePart")
o49 = Instance.new("Part")
o50 = Instance.new("BlockMesh")
o51 = Instance.new("WedgePart")
o52 = Instance.new("WedgePart")
o53 = Instance.new("Part")
o54 = Instance.new("BlockMesh")
o55 = Instance.new("WedgePart")
o56 = Instance.new("WedgePart")
o57 = Instance.new("Part")
o58 = Instance.new("BlockMesh")
o59 = Instance.new("Part")
o60 = Instance.new("SpecialMesh")
o61 = Instance.new("Part")
o62 = Instance.new("SpecialMesh")
o63 = Instance.new("Part")
o64 = Instance.new("SpecialMesh")
o65 = Instance.new("Part")
o66 = Instance.new("SpecialMesh")
o67 = Instance.new("Part")
o68 = Instance.new("SpecialMesh")
o69 = Instance.new("Model")
o70 = Instance.new("Part")
o71 = Instance.new("BlockMesh")
o72 = Instance.new("Part")
o73 = Instance.new("BlockMesh")
o74 = Instance.new("Part")
o75 = Instance.new("BlockMesh")
o76 = Instance.new("Part")
o77 = Instance.new("BlockMesh")
o78 = Instance.new("Part")
o79 = Instance.new("BlockMesh")
o80 = Instance.new("Part")
o81 = Instance.new("BlockMesh")
o82 = Instance.new("Part")
o83 = Instance.new("BlockMesh")
o84 = Instance.new("Part")
o85 = Instance.new("BlockMesh")
o86 = Instance.new("Part")
o87 = Instance.new("BlockMesh")
o88 = Instance.new("Part")
o89 = Instance.new("CylinderMesh")
o90 = Instance.new("Part")
o91 = Instance.new("BlockMesh")
o92 = Instance.new("Part")
o93 = Instance.new("BlockMesh")
o94 = Instance.new("Part")
o95 = Instance.new("CylinderMesh")
o96 = Instance.new("Part")
o97 = Instance.new("BlockMesh")
o98 = Instance.new("Part")
o99 = Instance.new("BlockMesh")
o100 = Instance.new("Part")
o101 = Instance.new("CylinderMesh")
o102 = Instance.new("Part")
o103 = Instance.new("BlockMesh")
o104 = Instance.new("Part")
o105 = Instance.new("BlockMesh")
o106 = Instance.new("Part")
o107 = Instance.new("BlockMesh")
o108 = Instance.new("Part")
o109 = Instance.new("BlockMesh")
o110 = Instance.new("Part")
o111 = Instance.new("BlockMesh")
o112 = Instance.new("Part")
o113 = Instance.new("BlockMesh")
o114 = Instance.new("Part")
o115 = Instance.new("BlockMesh")
o116 = Instance.new("Part")
o117 = Instance.new("BlockMesh")
o118 = Instance.new("Part")
o119 = Instance.new("BlockMesh")
o120 = Instance.new("Part")
o121 = Instance.new("BlockMesh")
o122 = Instance.new("Part")
o123 = Instance.new("CylinderMesh")
o124 = Instance.new("Part")
o125 = Instance.new("BlockMesh")
o126 = Instance.new("Part")
o127 = Instance.new("BlockMesh")
o128 = Instance.new("Part")
o129 = Instance.new("CylinderMesh")
o130 = Instance.new("Part")
o131 = Instance.new("BlockMesh")
o132 = Instance.new("Part")
o133 = Instance.new("BlockMesh")
o134 = Instance.new("Part")
o135 = Instance.new("BlockMesh")
o136 = Instance.new("Part")
o137 = Instance.new("CylinderMesh")
o138 = Instance.new("Part")
o139 = Instance.new("BlockMesh")
o140 = Instance.new("Part")
o141 = Instance.new("BlockMesh")
o142 = Instance.new("Part")
o143 = Instance.new("CylinderMesh")
o144 = Instance.new("Part")
o145 = Instance.new("SpecialMesh")
o146 = Instance.new("Part")
o147 = Instance.new("BlockMesh")
o148 = Instance.new("Part")
o149 = Instance.new("BlockMesh")
o150 = Instance.new("Part")
o151 = Instance.new("CylinderMesh")
o152 = Instance.new("Part")
o153 = Instance.new("BlockMesh")
o154 = Instance.new("Part")
o155 = Instance.new("BlockMesh")
o156 = Instance.new("Part")
o157 = Instance.new("BlockMesh")
o158 = Instance.new("Part")
o159 = Instance.new("BlockMesh")
o160 = Instance.new("Part")
o161 = Instance.new("BlockMesh")
o162 = Instance.new("Part")
o163 = Instance.new("BlockMesh")
o164 = Instance.new("Part")
o165 = Instance.new("BlockMesh")
o166 = Instance.new("Part")
o167 = Instance.new("BlockMesh")
o168 = Instance.new("Part")
o169 = Instance.new("BlockMesh")
o170 = Instance.new("Part")
o171 = Instance.new("BlockMesh")
o172 = Instance.new("Part")
o173 = Instance.new("BlockMesh")
o174 = Instance.new("Part")
o175 = Instance.new("CylinderMesh")
o176 = Instance.new("Part")
o177 = Instance.new("CylinderMesh")
o178 = Instance.new("Part")
o179 = Instance.new("BlockMesh")
o180 = Instance.new("Part")
o181 = Instance.new("BlockMesh")
o182 = Instance.new("Part")
o183 = Instance.new("BlockMesh")
o184 = Instance.new("Part")
o185 = Instance.new("BlockMesh")
o186 = Instance.new("Part")
o187 = Instance.new("BlockMesh")
o188 = Instance.new("Part")
o189 = Instance.new("BlockMesh")
o190 = Instance.new("Part")
o191 = Instance.new("BlockMesh")
o192 = Instance.new("Part")
o193 = Instance.new("BlockMesh")
o194 = Instance.new("Part")
o195 = Instance.new("BlockMesh")
o196 = Instance.new("Part")
o197 = Instance.new("BlockMesh")
o198 = Instance.new("Part")
o199 = Instance.new("BlockMesh")
o200 = Instance.new("Part")
o201 = Instance.new("BlockMesh")
o202 = Instance.new("Part")
o203 = Instance.new("BlockMesh")
o204 = Instance.new("Part")
o205 = Instance.new("BlockMesh")
o206 = Instance.new("Part")
o207 = Instance.new("BlockMesh")
o208 = Instance.new("Part")
o209 = Instance.new("CylinderMesh")
o210 = Instance.new("Part")
o211 = Instance.new("CylinderMesh")
o212 = Instance.new("Part")
o213 = Instance.new("BlockMesh")
o214 = Instance.new("Part")
o215 = Instance.new("CylinderMesh")
o216 = Instance.new("Part")
o217 = Instance.new("BlockMesh")
o218 = Instance.new("Part")
o219 = Instance.new("BlockMesh")
o220 = Instance.new("Part")
o221 = Instance.new("CylinderMesh")
o222 = Instance.new("Part")
o223 = Instance.new("BlockMesh")
o224 = Instance.new("Part")
o225 = Instance.new("CylinderMesh")
o226 = Instance.new("Part")
o227 = Instance.new("CylinderMesh")
o228 = Instance.new("Part")
o229 = Instance.new("BlockMesh")
o230 = Instance.new("Part")
o231 = Instance.new("BlockMesh")
o232 = Instance.new("Part")
o233 = Instance.new("BlockMesh")
o234 = Instance.new("Part")
o235 = Instance.new("CylinderMesh")
o236 = Instance.new("Part")
o237 = Instance.new("CylinderMesh")
o238 = Instance.new("Part")
o239 = Instance.new("BlockMesh")
o240 = Instance.new("Part")
o241 = Instance.new("BlockMesh")
o242 = Instance.new("Part")
o243 = Instance.new("BlockMesh")
o244 = Instance.new("Part")
o245 = Instance.new("BlockMesh")
o246 = Instance.new("Part")
o247 = Instance.new("BlockMesh")
o248 = Instance.new("SpotLight")
o249 = Instance.new("Part")
o250 = Instance.new("BlockMesh")
o251 = Instance.new("Part")
o252 = Instance.new("BlockMesh")
o253 = Instance.new("Part")
o254 = Instance.new("BlockMesh")
o255 = Instance.new("Part")
o256 = Instance.new("BlockMesh")
o257 = Instance.new("Part")
o258 = Instance.new("BlockMesh")
o259 = Instance.new("SpotLight")
o260 = Instance.new("Part")
o261 = Instance.new("BlockMesh")
o262 = Instance.new("Part")
o263 = Instance.new("BlockMesh")
o264 = Instance.new("Seat")
o265 = Instance.new("VehicleSeat")
o266 = Instance.new("Sound")
o267 = Instance.new("Sound")
o268 = Instance.new("Sound")
o269 = Instance.new("Sound")
o270 = Instance.new("BoolValue")
o271 = Instance.new("Part")
o272 = Instance.new("BlockMesh")
o273 = Instance.new("WedgePart")
o274 = Instance.new("WedgePart")
o275 = Instance.new("Script")
o276 = Instance.new("Script")
o277 = Instance.new("Model")
o278 = Instance.new("Part")
o279 = Instance.new("SpecialMesh")
o280 = Instance.new("Part")
o281 = Instance.new("SpecialMesh")
o282 = Instance.new("Part")
o283 = Instance.new("Part")
o284 = Instance.new("SpecialMesh")
o285 = Instance.new("Part")
o286 = Instance.new("SpecialMesh")
o287 = Instance.new("Script")
o288 = Instance.new("Model")
o289 = Instance.new("Part")
o290 = Instance.new("SpecialMesh")
o291 = Instance.new("Part")
o292 = Instance.new("SpecialMesh")
o293 = Instance.new("Part")
o294 = Instance.new("Part")
o295 = Instance.new("SpecialMesh")
o296 = Instance.new("Part")
o297 = Instance.new("SpecialMesh")
o298 = Instance.new("Script")
o299 = Instance.new("Model")
o300 = Instance.new("Part")
o301 = Instance.new("SpecialMesh")
o302 = Instance.new("Part")
o303 = Instance.new("SpecialMesh")
o304 = Instance.new("Part")
o305 = Instance.new("Part")
o306 = Instance.new("SpecialMesh")
o307 = Instance.new("Part")
o308 = Instance.new("SpecialMesh")
o309 = Instance.new("Script")
o310 = Instance.new("Model")
o311 = Instance.new("Part")
o312 = Instance.new("SpecialMesh")
o313 = Instance.new("Part")
o314 = Instance.new("SpecialMesh")
o315 = Instance.new("Part")
o316 = Instance.new("Part")
o317 = Instance.new("SpecialMesh")
o318 = Instance.new("Part")
o319 = Instance.new("SpecialMesh")
o320 = Instance.new("Script")
o321 = Instance.new("Model")
o322 = Instance.new("Part")
o323 = Instance.new("SpecialMesh")
o324 = Instance.new("Part")
o325 = Instance.new("SpecialMesh")
o326 = Instance.new("Part")
o327 = Instance.new("Part")
o328 = Instance.new("SpecialMesh")
o329 = Instance.new("Part")
o330 = Instance.new("SpecialMesh")
o331 = Instance.new("Script")
o332 = Instance.new("Model")
o333 = Instance.new("Part")
o334 = Instance.new("SpecialMesh")
o335 = Instance.new("Part")
o336 = Instance.new("SpecialMesh")
o337 = Instance.new("Part")
o338 = Instance.new("Part")
o339 = Instance.new("SpecialMesh")
o340 = Instance.new("Part")
o341 = Instance.new("SpecialMesh")
o342 = Instance.new("Script")
o343 = Instance.new("Model")
o344 = Instance.new("Model")
o345 = Instance.new("Model")
o346 = Instance.new("WedgePart")
o347 = Instance.new("WedgePart")
o348 = Instance.new("Part")
o349 = Instance.new("BlockMesh")
o350 = Instance.new("WedgePart")
o351 = Instance.new("WedgePart")
o352 = Instance.new("WedgePart")
o353 = Instance.new("WedgePart")
o354 = Instance.new("Part")
o355 = Instance.new("BlockMesh")
o356 = Instance.new("Part")
o357 = Instance.new("BlockMesh")
o358 = Instance.new("Part")
o359 = Instance.new("BlockMesh")
o360 = Instance.new("Part")
o361 = Instance.new("BlockMesh")
o362 = Instance.new("WedgePart")
o363 = Instance.new("WedgePart")
o364 = Instance.new("Part")
o365 = Instance.new("BlockMesh")
o366 = Instance.new("Part")
o367 = Instance.new("BlockMesh")
o368 = Instance.new("WedgePart")
o369 = Instance.new("Part")
o370 = Instance.new("BlockMesh")
o371 = Instance.new("WedgePart")
o372 = Instance.new("WedgePart")
o373 = Instance.new("Part")
o374 = Instance.new("BlockMesh")
o375 = Instance.new("WedgePart")
o376 = Instance.new("Model")
o377 = Instance.new("Part")
o378 = Instance.new("BlockMesh")
o379 = Instance.new("Part")
o380 = Instance.new("BlockMesh")
o381 = Instance.new("Part")
o382 = Instance.new("BlockMesh")
o383 = Instance.new("Part")
o384 = Instance.new("BlockMesh")
o385 = Instance.new("WedgePart")
o386 = Instance.new("Part")
o387 = Instance.new("BlockMesh")
o388 = Instance.new("Part")
o389 = Instance.new("BlockMesh")
o390 = Instance.new("Part")
o391 = Instance.new("BlockMesh")
o392 = Instance.new("Part")
o393 = Instance.new("BlockMesh")
o394 = Instance.new("Part")
o395 = Instance.new("BlockMesh")
o396 = Instance.new("Part")
o397 = Instance.new("BlockMesh")
o398 = Instance.new("WedgePart")
o399 = Instance.new("Part")
o400 = Instance.new("BlockMesh")
o401 = Instance.new("Part")
o402 = Instance.new("BlockMesh")
o403 = Instance.new("Part")
o404 = Instance.new("BlockMesh")
o405 = Instance.new("Part")
o406 = Instance.new("BlockMesh")
o407 = Instance.new("Part")
o408 = Instance.new("BlockMesh")
o409 = Instance.new("Part")
o410 = Instance.new("BlockMesh")
o411 = Instance.new("Part")
o412 = Instance.new("BlockMesh")
o413 = Instance.new("Part")
o414 = Instance.new("BlockMesh")
o415 = Instance.new("Part")
o416 = Instance.new("BlockMesh")
o417 = Instance.new("Part")
o418 = Instance.new("BlockMesh")
o419 = Instance.new("Part")
o420 = Instance.new("BlockMesh")
o421 = Instance.new("Part")
o422 = Instance.new("BlockMesh")
o423 = Instance.new("WedgePart")
o424 = Instance.new("Part")
o425 = Instance.new("CylinderMesh")
o426 = Instance.new("Part")
o427 = Instance.new("BlockMesh")
o428 = Instance.new("Part")
o429 = Instance.new("BlockMesh")
o430 = Instance.new("Part")
o431 = Instance.new("BlockMesh")
o432 = Instance.new("Part")
o433 = Instance.new("BlockMesh")
o434 = Instance.new("Part")
o435 = Instance.new("BlockMesh")
o436 = Instance.new("Part")
o437 = Instance.new("BlockMesh")
o438 = Instance.new("WedgePart")
o439 = Instance.new("Part")
o440 = Instance.new("BlockMesh")
o441 = Instance.new("Part")
o442 = Instance.new("BlockMesh")
o443 = Instance.new("Part")
o444 = Instance.new("BlockMesh")
o445 = Instance.new("Part")
o446 = Instance.new("BlockMesh")
o447 = Instance.new("Part")
o448 = Instance.new("BlockMesh")
o449 = Instance.new("Part")
o450 = Instance.new("CylinderMesh")
o451 = Instance.new("Part")
o452 = Instance.new("BlockMesh")
o453 = Instance.new("Part")
o454 = Instance.new("BlockMesh")
o455 = Instance.new("Part")
o456 = Instance.new("BlockMesh")
o457 = Instance.new("Part")
o458 = Instance.new("BlockMesh")
o459 = Instance.new("Part")
o460 = Instance.new("BlockMesh")
o461 = Instance.new("Part")
o462 = Instance.new("BlockMesh")
o463 = Instance.new("Part")
o464 = Instance.new("BlockMesh")
o465 = Instance.new("Part")
o466 = Instance.new("BlockMesh")
o467 = Instance.new("Part")
o468 = Instance.new("BlockMesh")
o469 = Instance.new("Part")
o470 = Instance.new("BlockMesh")
o471 = Instance.new("Part")
o472 = Instance.new("BlockMesh")
o473 = Instance.new("SpotLight")
o474 = Instance.new("Part")
o475 = Instance.new("BlockMesh")
o476 = Instance.new("Part")
o477 = Instance.new("BlockMesh")
o478 = Instance.new("Part")
o479 = Instance.new("BlockMesh")
o480 = Instance.new("SpotLight")
o481 = Instance.new("Part")
o482 = Instance.new("BlockMesh")
o483 = Instance.new("Part")
o484 = Instance.new("BlockMesh")
o485 = Instance.new("Part")
o486 = Instance.new("BlockMesh")
o487 = Instance.new("Part")
o488 = Instance.new("BlockMesh")
o489 = Instance.new("Part")
o490 = Instance.new("BlockMesh")
o491 = Instance.new("Part")
o492 = Instance.new("BlockMesh")
o493 = Instance.new("Part")
o494 = Instance.new("BlockMesh")
o495 = Instance.new("Part")
o496 = Instance.new("CylinderMesh")
o497 = Instance.new("Part")
o498 = Instance.new("BlockMesh")
o499 = Instance.new("Part")
o500 = Instance.new("BlockMesh")
o501 = Instance.new("Script")
o502 = Instance.new("Model")
o503 = Instance.new("Part")
o504 = Instance.new("SpecialMesh")
o505 = Instance.new("Part")
o506 = Instance.new("SpecialMesh")
o507 = Instance.new("Part")
o508 = Instance.new("Part")
o509 = Instance.new("SpecialMesh")
o510 = Instance.new("Part")
o511 = Instance.new("SpecialMesh")
o512 = Instance.new("Script")
o513 = Instance.new("Model")
o514 = Instance.new("Part")
o515 = Instance.new("SpecialMesh")
o516 = Instance.new("Part")
o517 = Instance.new("SpecialMesh")
o518 = Instance.new("Part")
o519 = Instance.new("Part")
o520 = Instance.new("SpecialMesh")
o521 = Instance.new("Part")
o522 = Instance.new("SpecialMesh")
o523 = Instance.new("Script")
o1.Name = "UNSC Truck"
o1.Parent = mas
o2.Name = "Truck"
o2.Parent = o1
o3.Name = "Body"
o3.Parent = o2
o4.Name = "Colors"
o4.Parent = o3
o5.Parent = o4
o5.BrickColor = BrickColor.new("Grime")
o5.Position = Vector3.new(-75.2000732, 8.97654438, 217.940002)
o5.Rotation = Vector3.new(-180, 90, 0)
o5.Anchored = true
o5.FormFactor = Enum.FormFactor.Custom
o5.Size = Vector3.new(1.00000024, 1, 1)
o5.CFrame = CFrame.new(-75.2000732, 8.97654438, 217.940002, -4.26325641e-014, 1.13697333e-005, 1, -3.73745479e-012, -1, 1.13697333e-005, 1, -3.73745436e-012, 4.26750852e-014)
o5.BottomSurface = Enum.SurfaceType.Smooth
o5.Color = Color3.new(0.498039, 0.556863, 0.392157)
o5.Position = Vector3.new(-75.2000732, 8.97654438, 217.940002)
o6.Parent = o4
o6.BrickColor = BrickColor.new("Grime")
o6.Position = Vector3.new(-76.1340866, 11.0194969, 214.040009)
o6.Rotation = Vector3.new(-89.9999847, -75.000824, -89.9999924)
o6.Anchored = true
o6.FormFactor = Enum.FormFactor.Custom
o6.Size = Vector3.new(8.80000019, 1, 5.09999943)
o6.CFrame = CFrame.new(-76.1340866, 11.0194969, 214.040009, 6.50591616e-008, 0.258805305, -0.965929568, -7.19757551e-008, 0.965929568, 0.258805305, 1, 5.26858521e-008, 8.14702759e-008)
o6.BottomSurface = Enum.SurfaceType.Smooth
o6.TopSurface = Enum.SurfaceType.Smooth
o6.Color = Color3.new(0.498039, 0.556863, 0.392157)
o6.Position = Vector3.new(-76.1340866, 11.0194969, 214.040009)
o7.Parent = o6
o7.MeshType = Enum.MeshType.Torso
o8.Parent = o4
o8.BrickColor = BrickColor.new("Grime")
o8.Position = Vector3.new(-78.3430634, 10.8864613, 214.040009)
o8.Rotation = Vector3.new(4.12399504e-006, 3.72762679e-006, 75.0008087)
o8.Anchored = true
o8.FormFactor = Enum.FormFactor.Custom
o8.Size = Vector3.new(0.400000095, 9.29999924, 6.80000019)
o8.CFrame = CFrame.new(-78.3430634, 10.8864613, 214.040009, 0.258805394, -0.965929508, 6.50593606e-008, 0.965929508, 0.258805424, -7.19772899e-008, 5.26872768e-008, 8.14708727e-008, 1)
o8.BottomSurface = Enum.SurfaceType.Smooth
o8.TopSurface = Enum.SurfaceType.Smooth
o8.Color = Color3.new(0.498039, 0.556863, 0.392157)
o8.Position = Vector3.new(-78.3430634, 10.8864613, 214.040009)
o9.Parent = o8
o10.Parent = o4
o10.BrickColor = BrickColor.new("Grime")
o10.Position = Vector3.new(-74.2500687, 8.17657375, 210.139999)
o10.Rotation = Vector3.new(4.12399504e-006, 3.72762634e-006, 0.00136348896)
o10.Anchored = true
o10.FormFactor = Enum.FormFactor.Custom
o10.Size = Vector3.new(0.900000095, 3.39999962, 1)
o10.CFrame = CFrame.new(-74.2500687, 8.17657375, 210.139999, 1, -2.37973709e-005, 6.50593535e-008, 2.37973709e-005, 1, -7.19772899e-008, -6.50576411e-008, 7.19788389e-008, 1)
o10.BottomSurface = Enum.SurfaceType.Smooth
o10.TopSurface = Enum.SurfaceType.Smooth
o10.Color = Color3.new(0.498039, 0.556863, 0.392157)
o10.Position = Vector3.new(-74.2500687, 8.17657375, 210.139999)
o11.Parent = o10
o12.Parent = o4
o12.BrickColor = BrickColor.new("Grime")
o12.Position = Vector3.new(-75.1890717, 9.01954269, 210.139999)
o12.Rotation = Vector3.new(-180, 90, 0)
o12.Anchored = true
o12.FormFactor = Enum.FormFactor.Custom
o12.Size = Vector3.new(1.00000024, 1, 1)
o12.CFrame = CFrame.new(-75.1890717, 9.01954269, 210.139999, 4.26325641e-014, 1.09376087e-005, 1, -3.78719278e-012, -1, 1.09376097e-005, 1, -3.78719365e-012, -4.25912018e-014)
o12.BottomSurface = Enum.SurfaceType.Smooth
o12.Color = Color3.new(0.498039, 0.556863, 0.392157)
o12.Position = Vector3.new(-75.1890717, 9.01954269, 210.139999)
o13.Parent = o4
o13.BrickColor = BrickColor.new("Grime")
o13.Position = Vector3.new(-77.6140671, 9.79148483, 209.889999)
o13.Rotation = Vector3.new(-90.0000076, -75.0007095, 89.9999924)
o13.Anchored = true
o13.FormFactor = Enum.FormFactor.Custom
o13.Size = Vector3.new(0.5, 0.5, 0.5)
o13.CFrame = CFrame.new(-77.6140671, 9.79148483, 209.889999, 4.7079368e-008, -0.258807153, -0.965929031, 6.37471587e-008, -0.965929091, 0.258807123, -1, -7.37597148e-008, -2.89771087e-008)
o13.BottomSurface = Enum.SurfaceType.Smooth
o13.Color = Color3.new(0.498039, 0.556863, 0.392157)
o13.Position = Vector3.new(-77.6140671, 9.79148483, 209.889999)
o14.Parent = o4
o14.BrickColor = BrickColor.new("Grime")
o14.Position = Vector3.new(-78.3120575, 10.6194611, 210.139999)
o14.Rotation = Vector3.new(4.12399459e-006, 3.72762634e-006, 75.0008087)
o14.Anchored = true
o14.FormFactor = Enum.FormFactor.Custom
o14.Size = Vector3.new(0.900000095, 9.09999943, 1)
o14.CFrame = CFrame.new(-78.3120575, 10.6194611, 210.139999, 0.258805364, -0.965929568, 6.50593535e-008, 0.965929508, 0.258805394, -7.19772828e-008, 5.26872768e-008, 8.14708656e-008, 1)
o14.BottomSurface = Enum.SurfaceType.Smooth
o14.TopSurface = Enum.SurfaceType.Smooth
o14.Color = Color3.new(0.498039, 0.556863, 0.392157)
o14.Position = Vector3.new(-78.3120575, 10.6194611, 210.139999)
o15.Parent = o14
o16.Parent = o4
o16.BrickColor = BrickColor.new("Grime")
o16.Position = Vector3.new(-80.6130219, 8.06445122, 209.889999)
o16.Rotation = Vector3.new(4.12399504e-006, 3.72762725e-006, -14.9985886)
o16.Anchored = true
o16.FormFactor = Enum.FormFactor.Custom
o16.Size = Vector3.new(4.4000001, 5.30000019, 0.50000006)
o16.CFrame = CFrame.new(-80.6130219, 8.06445122, 209.889999, 0.96593225, 0.258795261, 6.50593677e-008, -0.258795261, 0.96593225, -7.19772899e-008, -8.14703256e-008, 5.26881294e-008, 1)
o16.BottomSurface = Enum.SurfaceType.Smooth
o16.TopSurface = Enum.SurfaceType.Smooth
o16.Color = Color3.new(0.498039, 0.556863, 0.392157)
o16.Position = Vector3.new(-80.6130219, 8.06445122, 209.889999)
o17.Parent = o16
o18.Parent = o4
o18.BrickColor = BrickColor.new("Grime")
o18.Position = Vector3.new(-82.9839554, 4.81745052, 214.040009)
o18.Rotation = Vector3.new(-90.0000153, -75.0009232, 89.9999771)
o18.Anchored = true
o18.FormFactor = Enum.FormFactor.Custom
o18.Size = Vector3.new(9, 1.20000005, 1.5)
o18.CFrame = CFrame.new(-82.9839554, 4.81745052, 214.040009, 1.12608724e-007, -0.258803815, -0.965929985, 1.11639061e-007, -0.965929925, 0.258803844, -1, -1.36979082e-007, -7.98795199e-008)
o18.BottomSurface = Enum.SurfaceType.Smooth
o18.Color = Color3.new(0.498039, 0.556863, 0.392157)
o18.Position = Vector3.new(-82.9839554, 4.81745052, 214.040009)
o19.Parent = o4
o19.BrickColor = BrickColor.new("Grime")
o19.Position = Vector3.new(-79.3639908, 4.4055295, 214.040009)
o19.Rotation = Vector3.new(4.12399504e-006, 3.72762679e-006, -59.9988823)
o19.Anchored = true
o19.FormFactor = Enum.FormFactor.Custom
o19.Size = Vector3.new(2, 1, 9)
o19.CFrame = CFrame.new(-79.3639908, 4.4055295, 214.040009, 0.500016987, 0.866015673, 6.50593606e-008, -0.866015673, 0.500016987, -7.19772899e-008, -9.4864248e-008, -2.03525623e-008, 1)
o19.BottomSurface = Enum.SurfaceType.Smooth
o19.TopSurface = Enum.SurfaceType.Smooth
o19.Color = Color3.new(0.498039, 0.556863, 0.392157)
o19.Position = Vector3.new(-79.3639908, 4.4055295, 214.040009)
o20.Parent = o19
o21.Parent = o4
o21.BrickColor = BrickColor.new("Grime")
o21.Position = Vector3.new(-78.5759964, 5.2345314, 209.889999)
o21.Rotation = Vector3.new(-89.9999542, -75.0009384, -89.9999619)
o21.Anchored = true
o21.FormFactor = Enum.FormFactor.Custom
o21.Size = Vector3.new(0.5, 1, 1)
o21.CFrame = CFrame.new(-78.5759964, 5.2345314, 209.889999, 1.66321428e-007, 0.258803427, -0.965930045, -1.20923602e-007, 0.965929985, 0.258803457, 1, 7.37591748e-008, 1.91950321e-007)
o21.BottomSurface = Enum.SurfaceType.Smooth
o21.Color = Color3.new(0.498039, 0.556863, 0.392157)
o21.Position = Vector3.new(-78.5759964, 5.2345314, 209.889999)
o22.Parent = o4
o22.BrickColor = BrickColor.new("Grime")
o22.Position = Vector3.new(-75.4850159, 4.40660477, 209.889999)
o22.Rotation = Vector3.new(90.0000458, 75.0007095, -90.0000381)
o22.Anchored = true
o22.FormFactor = Enum.FormFactor.Custom
o22.Size = Vector3.new(0.5, 1, 1)
o22.CFrame = CFrame.new(-75.4850159, 4.40660477, 209.889999, -1.77226013e-007, 0.258807153, 0.965929031, 8.02105191e-008, 0.965929091, -0.258807123, -1, 3.16103126e-008, -1.9194681e-007)
o22.BottomSurface = Enum.SurfaceType.Smooth
o22.Color = Color3.new(0.498039, 0.556863, 0.392157)
o22.Position = Vector3.new(-75.4850159, 4.40660477, 209.889999)
o23.Parent = o4
o23.BrickColor = BrickColor.new("Grime")
o23.Position = Vector3.new(-75.7220154, 3.88560963, 214.040009)
o23.Rotation = Vector3.new(90.0000458, 75.0007095, -90.0000381)
o23.Anchored = true
o23.FormFactor = Enum.FormFactor.Custom
o23.Size = Vector3.new(9, 1, 1)
o23.CFrame = CFrame.new(-75.7220154, 3.88560963, 214.040009, -1.77226042e-007, 0.258807153, 0.965929031, 8.0210512e-008, 0.965929091, -0.258807123, -1, 3.16102984e-008, -1.91946839e-007)
o23.BottomSurface = Enum.SurfaceType.Smooth
o23.Color = Color3.new(0.498039, 0.556863, 0.392157)
o23.Position = Vector3.new(-75.7220154, 3.88560963, 214.040009)
o24.Parent = o4
o24.BrickColor = BrickColor.new("Grime")
o24.Position = Vector3.new(-77.1899948, 4.03557539, 209.889999)
o24.Rotation = Vector3.new(4.12399504e-006, 3.72762725e-006, -14.9985886)
o24.Anchored = true
o24.FormFactor = Enum.FormFactor.Custom
o24.Size = Vector3.new(4.30000067, 0.600000381, 0.50000006)
o24.CFrame = CFrame.new(-77.1899948, 4.03557539, 209.889999, 0.96593225, 0.258795261, 6.50593677e-008, -0.258795261, 0.96593225, -7.19772899e-008, -8.14703256e-008, 5.26881294e-008, 1)
o24.BottomSurface = Enum.SurfaceType.Smooth
o24.TopSurface = Enum.SurfaceType.Smooth
o24.Color = Color3.new(0.498039, 0.556863, 0.392157)
o24.Position = Vector3.new(-77.1899948, 4.03557539, 209.889999)
o25.Parent = o24
o26.Parent = o4
o26.BrickColor = BrickColor.new("Grime")
o26.Position = Vector3.new(-77.0419846, 3.20359135, 214.040009)
o26.Rotation = Vector3.new(4.1239964e-006, 3.72762679e-006, -14.9985914)
o26.Anchored = true
o26.FormFactor = Enum.FormFactor.Custom
o26.Size = Vector3.new(4.4000001, 1, 9)
o26.CFrame = CFrame.new(-77.0419846, 3.20359135, 214.040009, 0.96593219, 0.258795291, 6.50593606e-008, -0.258795261, 0.96593225, -7.19773112e-008, -8.14703185e-008, 5.26881436e-008, 1)
o26.BottomSurface = Enum.SurfaceType.Smooth
o26.TopSurface = Enum.SurfaceType.Smooth
o26.Color = Color3.new(0.498039, 0.556863, 0.392157)
o26.Position = Vector3.new(-77.0419846, 3.20359135, 214.040009)
o27.Parent = o26
o28.Parent = o4
o28.BrickColor = BrickColor.new("Grime")
o28.Position = Vector3.new(-74.8600082, 3.82062674, 210.540009)
o28.Rotation = Vector3.new(4.1239955e-006, 3.72762725e-006, -24.9986057)
o28.Anchored = true
o28.FormFactor = Enum.FormFactor.Custom
o28.Size = Vector3.new(0.900000095, 2.19999981, 2)
o28.CFrame = CFrame.new(-74.8600082, 3.82062674, 210.540009, 0.906318128, 0.422596216, 6.50593677e-008, -0.422596246, 0.906318069, -7.1977297e-008, -8.9381814e-008, 3.77404774e-008, 1)
o28.BottomSurface = Enum.SurfaceType.Smooth
o28.TopSurface = Enum.SurfaceType.Smooth
o28.Color = Color3.new(0.498039, 0.556863, 0.392157)
o28.Position = Vector3.new(-74.8600082, 3.82062674, 210.540009)
o29.Parent = o28
o30.Parent = o4
o30.BrickColor = BrickColor.new("Grime")
o30.Position = Vector3.new(-74.6480179, 4.27462101, 214.040009)
o30.Rotation = Vector3.new(4.12399595e-006, 3.72762725e-006, -24.9986095)
o30.Anchored = true
o30.FormFactor = Enum.FormFactor.Custom
o30.Size = Vector3.new(0.900000095, 1.19999981, 5)
o30.CFrame = CFrame.new(-74.6480179, 4.27462101, 214.040009, 0.906318069, 0.422596276, 6.50593677e-008, -0.422596246, 0.906318128, -7.19773041e-008, -8.9381814e-008, 3.77404881e-008, 1)
o30.BottomSurface = Enum.SurfaceType.Smooth
o30.TopSurface = Enum.SurfaceType.Smooth
o30.Color = Color3.new(0.498039, 0.556863, 0.392157)
o30.Position = Vector3.new(-74.6480179, 4.27462101, 214.040009)
o31.Parent = o30
o32.Parent = o4
o32.BrickColor = BrickColor.new("Grime")
o32.Position = Vector3.new(-74.8600082, 3.82062578, 217.540009)
o32.Rotation = Vector3.new(4.12399459e-006, 3.72762679e-006, -24.9986076)
o32.Anchored = true
o32.FormFactor = Enum.FormFactor.Custom
o32.Size = Vector3.new(0.900000095, 2.19999981, 2)
o32.CFrame = CFrame.new(-74.8600082, 3.82062578, 217.540009, 0.906318069, 0.422596216, 6.50593606e-008, -0.422596186, 0.906318128, -7.19772828e-008, -8.93817997e-008, 3.7740481e-008, 1)
o32.BottomSurface = Enum.SurfaceType.Smooth
o32.TopSurface = Enum.SurfaceType.Smooth
o32.Color = Color3.new(0.498039, 0.556863, 0.392157)
o32.Position = Vector3.new(-74.8600082, 3.82062578, 217.540009)
o33.Parent = o32
o34.Parent = o4
o34.BrickColor = BrickColor.new("Grime")
o34.Position = Vector3.new(-74.228035, 5.46861744, 214.040009)
o34.Rotation = Vector3.new(4.12399504e-006, 3.72762679e-006, -14.9985905)
o34.Anchored = true
o34.FormFactor = Enum.FormFactor.Custom
o34.Size = Vector3.new(0.900000095, 1.49999988, 9)
o34.CFrame = CFrame.new(-74.228035, 5.46861744, 214.040009, 0.96593225, 0.258795291, 6.50593606e-008, -0.258795291, 0.96593225, -7.19772899e-008, -8.14703185e-008, 5.26881259e-008, 1)
o34.BottomSurface = Enum.SurfaceType.Smooth
o34.TopSurface = Enum.SurfaceType.Smooth
o34.Color = Color3.new(0.498039, 0.556863, 0.392157)
o34.Position = Vector3.new(-74.228035, 5.46861744, 214.040009)
o35.Parent = o34
o36.Parent = o4
o36.BrickColor = BrickColor.new("Grime")
o36.Position = Vector3.new(-74.0490723, 9.67655754, 214.040009)
o36.Rotation = Vector3.new(4.12399459e-006, 3.7276277e-006, 0.00136605173)
o36.Anchored = true
o36.FormFactor = Enum.FormFactor.Custom
o36.Size = Vector3.new(0.500000119, 0.399999648, 6.80000019)
o36.CFrame = CFrame.new(-74.0490723, 9.67655754, 214.040009, 1, -2.38420998e-005, 6.50593748e-008, 2.38420998e-005, 1, -7.19772828e-008, -6.50576553e-008, 7.19788318e-008, 1)
o36.BottomSurface = Enum.SurfaceType.Smooth
o36.TopSurface = Enum.SurfaceType.Smooth
o36.Color = Color3.new(0.498039, 0.556863, 0.392157)
o36.Position = Vector3.new(-74.0490723, 9.67655754, 214.040009)
o37.Parent = o36
o38.Parent = o4
o38.BrickColor = BrickColor.new("Grime")
o38.Position = Vector3.new(-74.2500458, 5.97660828, 214.040009)
o38.Rotation = Vector3.new(4.1239955e-006, 3.7276277e-006, 0.00136690389)
o38.Anchored = true
o38.FormFactor = Enum.FormFactor.Custom
o38.Size = Vector3.new(0.900000095, 0.999999583, 8.79999924)
o38.CFrame = CFrame.new(-74.2500458, 5.97660828, 214.040009, 1, -2.38569737e-005, 6.50593748e-008, 2.38569719e-005, 1, -7.1977297e-008, -6.50576553e-008, 7.1978846e-008, 1)
o38.BottomSurface = Enum.SurfaceType.Smooth
o38.TopSurface = Enum.SurfaceType.Smooth
o38.Color = Color3.new(0.498039, 0.556863, 0.392157)
o38.Position = Vector3.new(-74.2500458, 5.97660828, 214.040009)
o39.Parent = o38
o40.Parent = o4
o40.BrickColor = BrickColor.new("Grime")
o40.Position = Vector3.new(-74.2500687, 8.1765728, 217.940002)
o40.Rotation = Vector3.new(4.1239955e-006, 3.72762725e-006, 0.00136605068)
o40.Anchored = true
o40.FormFactor = Enum.FormFactor.Custom
o40.Size = Vector3.new(0.900000095, 3.39999962, 1)
o40.CFrame = CFrame.new(-74.2500687, 8.1765728, 217.940002, 1, -2.38420816e-005, 6.50593677e-008, 2.38420798e-005, 1, -7.1977297e-008, -6.50576482e-008, 7.1978846e-008, 1)
o40.BottomSurface = Enum.SurfaceType.Smooth
o40.TopSurface = Enum.SurfaceType.Smooth
o40.Color = Color3.new(0.498039, 0.556863, 0.392157)
o40.Position = Vector3.new(-74.2500687, 8.1765728, 217.940002)
o41.Parent = o40
o42.Parent = o4
o42.BrickColor = BrickColor.new("Grime")
o42.Position = Vector3.new(-81.4919739, 5.55647135, 214.040009)
o42.Rotation = Vector3.new(4.12399504e-006, 3.72762725e-006, -14.9985886)
o42.Anchored = true
o42.FormFactor = Enum.FormFactor.Custom
o42.Size = Vector3.new(4, 1, 9)
o42.CFrame = CFrame.new(-81.4919739, 5.55647135, 214.040009, 0.96593225, 0.258795261, 6.50593677e-008, -0.258795261, 0.96593225, -7.19772899e-008, -8.14703256e-008, 5.26881294e-008, 1)
o42.BottomSurface = Enum.SurfaceType.Smooth
o42.TopSurface = Enum.SurfaceType.Smooth
o42.Color = Color3.new(0.498039, 0.556863, 0.392157)
o42.Position = Vector3.new(-81.4919739, 5.55647135, 214.040009)
o43.Parent = o42
o44.Parent = o4
o44.BrickColor = BrickColor.new("Grime")
o44.Position = Vector3.new(-84.7599945, 8.81336212, 214.040009)
o44.Rotation = Vector3.new(4.12399504e-006, 3.72762725e-006, -14.9985886)
o44.Anchored = true
o44.FormFactor = Enum.FormFactor.Custom
o44.Size = Vector3.new(4, 8, 9)
o44.CFrame = CFrame.new(-84.7599945, 8.81336212, 214.040009, 0.96593225, 0.258795261, 6.50593677e-008, -0.258795261, 0.96593225, -7.19772899e-008, -8.14703256e-008, 5.26881294e-008, 1)
o44.BottomSurface = Enum.SurfaceType.Smooth
o44.TopSurface = Enum.SurfaceType.Smooth
o44.Color = Color3.new(0.498039, 0.556863, 0.392157)
o44.Position = Vector3.new(-84.7599945, 8.81336212, 214.040009)
o45.Parent = o44
o46.Parent = o4
o46.BrickColor = BrickColor.new("Grime")
o46.Position = Vector3.new(-80.6130219, 8.06445026, 218.190002)
o46.Rotation = Vector3.new(4.12399504e-006, 3.72762725e-006, -14.9985886)
o46.Anchored = true
o46.FormFactor = Enum.FormFactor.Custom
o46.Size = Vector3.new(4.4000001, 5.30000019, 0.50000006)
o46.CFrame = CFrame.new(-80.6130219, 8.06445026, 218.190002, 0.96593225, 0.258795261, 6.50593677e-008, -0.258795261, 0.96593225, -7.19772899e-008, -8.14703256e-008, 5.26881294e-008, 1)
o46.BottomSurface = Enum.SurfaceType.Smooth
o46.TopSurface = Enum.SurfaceType.Smooth
o46.Color = Color3.new(0.498039, 0.556863, 0.392157)
o46.Position = Vector3.new(-80.6130219, 8.06445026, 218.190002)
o47.Parent = o46
o48.Parent = o4
o48.BrickColor = BrickColor.new("Grime")
o48.Position = Vector3.new(-77.6140671, 9.79148388, 218.190002)
o48.Rotation = Vector3.new(-90.0000076, -75.0007095, 89.9999924)
o48.Anchored = true
o48.FormFactor = Enum.FormFactor.Custom
o48.Size = Vector3.new(0.5, 0.5, 0.5)
o48.CFrame = CFrame.new(-77.6140671, 9.79148388, 218.190002, 4.7079368e-008, -0.258807153, -0.965929031, 6.37471587e-008, -0.965929091, 0.258807123, -1, -7.37597148e-008, -2.89771087e-008)
o48.BottomSurface = Enum.SurfaceType.Smooth
o48.Color = Color3.new(0.498039, 0.556863, 0.392157)
o48.Position = Vector3.new(-77.6140671, 9.79148388, 218.190002)
o49.Parent = o4
o49.BrickColor = BrickColor.new("Grime")
o49.Position = Vector3.new(-78.3120575, 10.6194601, 217.940002)
o49.Rotation = Vector3.new(4.12399504e-006, 3.72762679e-006, 75.0008087)
o49.Anchored = true
o49.FormFactor = Enum.FormFactor.Custom
o49.Size = Vector3.new(0.900000095, 9.09999943, 1)
o49.CFrame = CFrame.new(-78.3120575, 10.6194601, 217.940002, 0.258805394, -0.965929508, 6.50593606e-008, 0.965929508, 0.258805424, -7.19772899e-008, 5.26872768e-008, 8.14708727e-008, 1)
o49.BottomSurface = Enum.SurfaceType.Smooth
o49.TopSurface = Enum.SurfaceType.Smooth
o49.Color = Color3.new(0.498039, 0.556863, 0.392157)
o49.Position = Vector3.new(-78.3120575, 10.6194601, 217.940002)
o50.Parent = o49
o51.Parent = o4
o51.BrickColor = BrickColor.new("Grime")
o51.Position = Vector3.new(-75.1890717, 9.01954174, 217.940002)
o51.Rotation = Vector3.new(-180, 90, 0)
o51.Anchored = true
o51.FormFactor = Enum.FormFactor.Custom
o51.Size = Vector3.new(1.00000024, 1, 1)
o51.CFrame = CFrame.new(-75.1890717, 9.01954174, 217.940002, 5.68434189e-014, 1.08929071e-005, 1, -3.80140364e-012, -1, 1.0892908e-005, 1, -3.80140407e-012, -5.68020837e-014)
o51.BottomSurface = Enum.SurfaceType.Smooth
o51.Color = Color3.new(0.498039, 0.556863, 0.392157)
o51.Position = Vector3.new(-75.1890717, 9.01954174, 217.940002)
o52.Parent = o4
o52.BrickColor = BrickColor.new("Grime")
o52.Position = Vector3.new(-78.5759964, 5.23453045, 218.190002)
o52.Rotation = Vector3.new(-89.9999542, -75.0009384, -89.9999619)
o52.Anchored = true
o52.FormFactor = Enum.FormFactor.Custom
o52.Size = Vector3.new(0.5, 1, 1)
o52.CFrame = CFrame.new(-78.5759964, 5.23453045, 218.190002, 1.66321428e-007, 0.258803427, -0.965930045, -1.20923602e-007, 0.965929985, 0.258803457, 1, 7.37591748e-008, 1.91950321e-007)
o52.BottomSurface = Enum.SurfaceType.Smooth
o52.Color = Color3.new(0.498039, 0.556863, 0.392157)
o52.Position = Vector3.new(-78.5759964, 5.23453045, 218.190002)
o53.Parent = o4
o53.BrickColor = BrickColor.new("Grime")
o53.Position = Vector3.new(-77.1899948, 4.03557444, 218.190002)
o53.Rotation = Vector3.new(4.12399504e-006, 3.72762725e-006, -14.9985886)
o53.Anchored = true
o53.FormFactor = Enum.FormFactor.Custom
o53.Size = Vector3.new(4.30000067, 0.600000381, 0.50000006)
o53.CFrame = CFrame.new(-77.1899948, 4.03557444, 218.190002, 0.96593225, 0.258795261, 6.50593677e-008, -0.258795261, 0.96593225, -7.19772899e-008, -8.14703256e-008, 5.26881294e-008, 1)
o53.BottomSurface = Enum.SurfaceType.Smooth
o53.TopSurface = Enum.SurfaceType.Smooth
o53.Color = Color3.new(0.498039, 0.556863, 0.392157)
o53.Position = Vector3.new(-77.1899948, 4.03557444, 218.190002)
o54.Parent = o53
o55.Parent = o4
o55.BrickColor = BrickColor.new("Grime")
o55.Position = Vector3.new(-75.4850159, 4.40660381, 218.190002)
o55.Rotation = Vector3.new(90.0000458, 75.0007095, -90.0000381)
o55.Anchored = true
o55.FormFactor = Enum.FormFactor.Custom
o55.Size = Vector3.new(0.5, 1, 1)
o55.CFrame = CFrame.new(-75.4850159, 4.40660381, 218.190002, -1.77226013e-007, 0.258807153, 0.965929031, 8.02105191e-008, 0.965929091, -0.258807123, -1, 3.16103126e-008, -1.9194681e-007)
o55.BottomSurface = Enum.SurfaceType.Smooth
o55.Color = Color3.new(0.498039, 0.556863, 0.392157)
o55.Position = Vector3.new(-75.4850159, 4.40660381, 218.190002)
o56.Parent = o4
o56.BrickColor = BrickColor.new("Grime")
o56.Position = Vector3.new(-88.0809326, 6.07933426, 214.040009)
o56.Rotation = Vector3.new(90, 75.0008163, 90.0000076)
o56.Anchored = true
o56.FormFactor = Enum.FormFactor.Symmetric
o56.Size = Vector3.new(9, 1, 1)
o56.CFrame = CFrame.new(-88.0809326, 6.07933426, 214.040009, -2.78438783e-008, -0.258805394, 0.965929508, 2.12113811e-008, -0.965929568, -0.258805364, 1, 1.32825573e-008, 3.23848468e-008)
o56.BottomSurface = Enum.SurfaceType.Smooth
o56.Color = Color3.new(0.498039, 0.556863, 0.392157)
o56.Position = Vector3.new(-88.0809326, 6.07933426, 214.040009)
o57.Parent = o4
o57.BrickColor = BrickColor.new("Grime")
o57.Position = Vector3.new(-91.7629318, 7.79024315, 214.040009)
o57.Rotation = Vector3.new(4.12399504e-006, 3.72762725e-006, -14.9985886)
o57.Anchored = true
o57.FormFactor = Enum.FormFactor.Custom
o57.Size = Vector3.new(9, 0.399999976, 9)
o57.CFrame = CFrame.new(-91.7629318, 7.79024315, 214.040009, 0.96593225, 0.258795261, 6.50593677e-008, -0.258795261, 0.96593225, -7.19772899e-008, -8.14703256e-008, 5.26881294e-008, 1)
o57.BottomSurface = Enum.SurfaceType.Smooth
o57.TopSurface = Enum.SurfaceType.Smooth
o57.Color = Color3.new(0.498039, 0.556863, 0.392157)
o57.Position = Vector3.new(-91.7629318, 7.79024315, 214.040009)
o58.Parent = o57
o59.Parent = o4
o59.BrickColor = BrickColor.new("Grime")
o59.Position = Vector3.new(-94.4799042, 9.24316406, 214.040009)
o59.Rotation = Vector3.new(-89.9999847, -75.000824, -89.9999924)
o59.Anchored = true
o59.FormFactor = Enum.FormFactor.Symmetric
o59.Size = Vector3.new(9, 1, 3)
o59.CFrame = CFrame.new(-94.4799042, 9.24316406, 214.040009, 6.50591616e-008, 0.258805305, -0.965929568, -7.19757551e-008, 0.965929568, 0.258805305, 1, 5.26858521e-008, 8.14702759e-008)
o59.BottomSurface = Enum.SurfaceType.Smooth
o59.TopSurface = Enum.SurfaceType.Smooth
o59.Color = Color3.new(0.498039, 0.556863, 0.392157)
o59.Position = Vector3.new(-94.4799042, 9.24316406, 214.040009)
o60.Parent = o59
o60.MeshType = Enum.MeshType.Torso
o61.Parent = o4
o61.BrickColor = BrickColor.new("Grime")
o61.Position = Vector3.new(-91.6339188, 8.27323246, 214.040009)
o61.Rotation = Vector3.new(-89.9999847, -75.000824, -89.9999924)
o61.Anchored = true
o61.FormFactor = Enum.FormFactor.Symmetric
o61.Size = Vector3.new(9, 1, 3)
o61.CFrame = CFrame.new(-91.6339188, 8.27323246, 214.040009, 6.50591616e-008, 0.258805305, -0.965929568, -7.19757551e-008, 0.965929568, 0.258805305, 1, 5.26858521e-008, 8.14702759e-008)
