--coolallball
if game.Players.LocalPlayer.Character.Animate.Disabled==false then
	game.Players.LocalPlayer.Character.Animate.Disabled=true
end
wait()
local Player=game.Players.LocalPlayer
repeat wait()
until Player
local Char=Player.Character
repeat wait()
until Char
local CurrentEffects={}
local CurrentDamages={}
local Human=Char.Humanoid
local LArm=Char["Left Arm"]
local RArm=Char["Right Arm"]
local LLeg=Char["Left Leg"]
local RLeg=Char["Right Leg"]
local Torso=Char.Torso
local RS=Torso["Right Shoulder"]
local LS=Torso["Left Shoulder"]
local RH=Torso["Right Hip"]
local LH=Torso["Left Hip"]
local Head=Char.Head
local Neck=Torso.Neck
local RootPart=Char.HumanoidRootPart
local RootJoint=RootPart.RootJoint
local equipped=false
local Debounce=false
local Anim="Idle"
local chat = game:GetService("Chat")
local Mouse=Player:GetMouse()
local Lighting=game.Lighting
local cf=CFrame.new
local v3=Vector3.new
local c3=Color3.new
local it=Instance.new
local angles=CFrame.Angles
local rad=math.rad
local ran=math.random
local huge=math.huge
local attacking=false
local attacktype=1
local Portalling=false
local p = game.Players.LocalPlayer
local char = p.Character
local mouse = p:GetMouse()
local larm = char["Left Arm"]
local rarm = char["Right Arm"]
local lleg = char["Left Leg"]
local rleg = char["Right Leg"]
local hed = char.Head
local torso = char.Torso
local hum = char.Humanoid
local cam = game.Workspace.CurrentCamera
local root = char.HumanoidRootPart
local deb = false
local shot = 0
local debris=game:service"Debris"
local l = game:GetService("Lighting")
local rs = game:GetService("RunService").RenderStepped
necko=cf(0, 1, 0, -1, -0, -0, 0, 0, 1, 0, 1, 0)
LHC0=cf(-1,-1,0,-0,-0,-1,0,1,0,1,0,0)
LSC0=cf(-1, 0.5, 0, -0, -0, -1, 0, 1, 0, 1, 0, 0)
RHC0=cf(1,-1,0,0,0,1,0,1,0,-1,-0,-0)
RSC0=cf(1, 0.5, 0, 0, 0, 1, 0, 1, 0, -1, -0, -0)
ROOTC0 = cf(0, 0, 0, -1, -0, -0, 0, 0, 1, 0, 1, 0)
r=game:service'RunService'.RenderStepped
clerp=function(a,b,t)
	return a:lerp(b,t)
end


local Rainbow = { --This is the main color set. Try to use more than just a few, make it fade in order as well
"Lime green", 
} 

Debounces = {
CanAttack = true;
NoIdl = false;
Slashing = false;
Slashed = false;
RPunch = false;
Invisible = false;
RPunched = false;
LPunch = false;
LPunched = false;
}
local Touche = {char.Name, }


function genWeld(a,b)
    local w = Instance.new("Weld",a)
    w.Part0 = a
    w.Part1 = b
    return w
end
function weld(a, b)
    local weld = Instance.new("Weld")
    weld.Name = "W"
    weld.Part0 = a
    weld.Part1 = b
    weld.C0 = a.CFrame:inverse() * b.CFrame
    weld.Parent = a
    return weld;
end
----------------------------------------------------
function Lerp(c1,c2,al)
local com1 = {c1.X,c1.Y,c1.Z,c1:toEulerAnglesXYZ()}
local com2 = {c2.X,c2.Y,c2.Z,c2:toEulerAnglesXYZ()}
for i,v in pairs(com1) do
com1[i] = v+(com2[i]-v)*al
end
return CFrame.new(com1[1],com1[2],com1[3]) * CFrame.Angles(select(4,unpack(com1)))
end
----------------------------------------------------
newWeld = function(wp0, wp1, wc0x, wc0y, wc0z)
local wld = Instance.new("Weld", wp1)
wld.Part0 = wp0
wld.Part1 = wp1
wld.C0 = CFrame.new(wc0x, wc0y, wc0z)
end
----------------------------------------------------
function weld5(part0, part1, c0, c1)
    weeld=Instance.new("Weld", part0)
    weeld.Part0=part0
    weeld.Part1=part1
    weeld.C0=c0
    weeld.C1=c1
    return weeld
end
----------------------------------------------------
function HasntTouched(plrname)
local ret = true
for _, v in pairs(Touche) do
if v == plrname then
ret = false
end
end
return ret
end
----------------------------------------------------
newWeld(torso, larm, -1.5, 0.5, 0)
larm.Weld.C1 = CFrame.new(0, 0.5, 0)
newWeld(torso, rarm, 1.5, 0.5, 0)
rarm.Weld.C1 = CFrame.new(0, 0.5, 0)
newWeld(torso, hed, 0, 1.5, 0)
newWeld(torso, lleg, -0.5, -1, 0)
lleg.Weld.C1 = CFrame.new(0, 1, 0)
newWeld(torso, rleg, 0.5, -1, 0)
rleg.Weld.C1 = CFrame.new(0, 1, 0)
newWeld(root, torso, 0, -1, 0)
torso.Weld.C1 = CFrame.new(0, -1, 0)



p = Instance.new("Part")
p.BrickColor = BrickColor.new("Lime green")
p.Transparency = 1
TorsoColor = p.BrickColor

local Transforming = true
Human.WalkSpeed = 0
local fx = Instance.new("Part",Torso)
wit = p.BrickColor.Color
wit2 = Color3.new(0,255,0)
local glowz = Instance.new("ParticleEmitter",fx)
glowz.LightEmission = 1
glowz.Texture = "rbxassetid://284205403"
glowz.Color = ColorSequence.new(wit)
glowz.Size = NumberSequence.new(5)
glowz.Speed = NumberRange.new(25,50)
glowz.LockedToPart = false
glowz.Transparency = NumberSequence.new(0.75)
glowz.RotSpeed = NumberRange.new(-2000,2000)
glowz.Lifetime = NumberRange.new(1)
glowz.Rate = 50000
glowz.VelocitySpread = 9001
local glowz2 = Instance.new("ParticleEmitter",fx)
glowz2.LightEmission = 0.5
glowz.Texture = "rbxassetid://284205403"
glowz2.Color = ColorSequence.new(wit2)
glowz2.Size = NumberSequence.new(5)
glowz2.Speed = NumberRange.new(25,50)
glowz2.LockedToPart = false
glowz2.Transparency = NumberSequence.new(0.75)
glowz2.RotSpeed = NumberRange.new(-2000,2000)
glowz2.Lifetime = NumberRange.new(1)
glowz2.Rate = 50000
glowz2.VelocitySpread = 9001
fx.Anchored = true
fx.Material = "Neon"
fx.CanCollide = false
fx.Locked = true
fx.Transparency = 1
fx.Material = "Neon"
fx.Size = Vector3.new(1,1,1)
fx.TopSurface = "SmoothNoOutlines"
fx.BottomSurface = "SmoothNoOutlines"
fx.BrickColor = BrickColor.new("Really black")
fxm = Instance.new("SpecialMesh",fx)
fxm.MeshType = "Sphere"
local sa2 = Instance.new("Sound",Torso)
sa2.SoundId = "rbxassetid://93724183"
sa2.Pitch = 0.5
sa2.Volume = 5
sa2.Looped = false
sa2:Play()
local value = 1
fxm.Scale = Vector3.new(1,1,1)
for i = 1, 20 do rs:wait()
        value = value - 0.05
        fx.Transparency = fx.Transparency - (1/20)
        fx.CFrame = Torso.CFrame
        fxm.Scale = fxm.Scale + Vector3.new(value,value,value)
        rs:wait()
end
----------------------------------------------------
GroundWave1 = function()
	local HandCF = CFrame.new(root.Position - Vector3.new(0,3,0)) * CFrame.Angles(math.rad(90), math.rad(0), math.rad(0))
	local Colors = {"Pastel blue-green", "Really black"}
		local wave = Instance.new("Part", Torso)
		wave.BrickColor = BrickColor.new(Colors[math.random(1,#Colors)])
		wave.Anchored = true
		wave.CanCollide = false
		wave.Locked = true
		wave.Size = Vector3.new(1, 1, 1)
		wave.TopSurface = "Smooth"
		wave.BottomSurface = "Smooth"
		wave.Transparency = 0.35
		wave.CFrame = HandCF
		wm = Instance.new("SpecialMesh", wave)
		wm.MeshId = "rbxassetid://3270017"
		coroutine.wrap(function()
		for i = 1, 30, 1 do
		wm.Scale = Vector3.new(50, 50, 1 + i*50)
		wave.Size = wm.Scale
		wave.CFrame = HandCF
		wave.Transparency = i/30
		wait()
		end
		wait()
		wave:Destroy()
	end)()
end
----------------------------------------------------


GroundWave3 = function()
	local HandCF = CFrame.new(root.Position - Vector3.new(0,3,0)) * CFrame.Angles(math.rad(90), math.rad(0), math.rad(0))
	local Colors = {"Lime green", "Lime green"}
		local wave = Instance.new("Part", torso)
		wave.BrickColor = BrickColor.new(Colors[math.random(1,#Colors)])
		wave.Anchored = true
		wave.CanCollide = false
		wave.Locked = true
		wave.Size = Vector3.new(1, 1, 1)
		wave.TopSurface = "Smooth"
		wave.BottomSurface = "Smooth"
		wave.Transparency = 0.35
		wave.CFrame = HandCF
		wm = Instance.new("SpecialMesh", wave)
		wm.MeshId = "rbxassetid://3270017"
		coroutine.wrap(function()
		for i = 1, 14, 1 do
		wm.Scale = Vector3.new(1 + i*1.1, 1 + i*1.1, 1)
		wave.Size = wm.Scale
		wave.CFrame = HandCF
		wave.Transparency = i/14
		wait()
		end
		wait()
		wave:Destroy()
	end)()
end





local acos = math.acos
local sqrt = math.sqrt
local Vec3 = Vector3.new
local fromAxisAngle = CFrame.fromAxisAngle

local function toAxisAngle(CFr)
        local X,Y,Z,R00,R01,R02,R10,R11,R12,R20,R21,R22 = CFr:components()
        local Angle = math.acos((R00+R11+R22-1)/2)
        local A = (R21-R12)^2+(R02-R20)^2+(R10-R01)^2
        A = A == 0 and 0.00001 or A
        local B = (R21-R12)^2+(R02-R20)^2+(R10-R01)^2
        B = B == 0 and 0.00001 or B
        local C = (R21-R12)^2+(R02-R20)^2+(R10-R01)^2
        C = C == 0 and 0.00001 or C
        local x = (R21-R12)/sqrt(A)
        local y = (R02-R20)/sqrt(B)
        local z = (R10-R01)/sqrt(C)
        return Vec3(x,y,z),Angle
end

local acos = math.acos
local sqrt = math.sqrt
local Vec3 = Vector3.new
local fromAxisAngle = CFrame.fromAxisAngle

local function toAxisAngle(CFr)
        local X,Y,Z,R00,R01,R02,R10,R11,R12,R20,R21,R22 = CFr:components()
        local Angle = math.acos((R00+R11+R22-1)/2)
        local A = (R21-R12)^2+(R02-R20)^2+(R10-R01)^2
        A = A == 0 and 0.00001 or A
        local B = (R21-R12)^2+(R02-R20)^2+(R10-R01)^2
        B = B == 0 and 0.00001 or B
        local C = (R21-R12)^2+(R02-R20)^2+(R10-R01)^2
        C = C == 0 and 0.00001 or C
        local x = (R21-R12)/sqrt(A)
        local y = (R02-R20)/sqrt(B)
        local z = (R10-R01)/sqrt(C)
        return Vec3(x,y,z),Angle
end

function ApplyTrig(Num,Func)
        local Min,Max = Func(0),Func(1)
        local i = Func(Num)
        return (i-Min)/(Max-Min)
        --[[if Func == "sin" then
                return (math.sin((1-Num)*math.pi)+1)/2
        elseif Func == "cos" then
                return (math.cos((1-Num)*math.pi)+1)/2
        end]]
end

function LerpCFrame(CFrame1,CFrame2,Num)
        local Vec,Ang = toAxisAngle(CFrame1:inverse()*CFrame2)
        return CFrame1*fromAxisAngle(Vec,Ang*Num) + (CFrame2.p-CFrame1.p)*Num
end



function Crater(Torso,Radius)
        Spawn(function()
        local Ray = Ray.new(Torso.Position,Vector3.new(0,-1,0)*10)
        local Ignore = {}
        for i,v in pairs(game:GetService("Players"):GetPlayers()) do
                if v.Character ~= nil then
                        Ignore[#Ignore+1] = v.Character
                end
        end
        local Hit,Pos,SurfaceNorm = workspace:FindPartOnRayWithIgnoreList(Ray,Ignore)
        if Hit == nil then return end
        local Parts = {}
        for i = 1,360,10 do
                local P = Instance.new("Part",Torso.Parent)
                P.Anchored = true
                P.FormFactor = "Custom"
                P.BrickColor = BrickColor.new("Lime green")
                P.Material = "Granite"
                P.TopSurface = "Smooth"
                P.BottomSurface = "Smooth"
                P.Size = Vector3.new(5,10,10)*(math.random(80,100)/100)
                P.CFrame = ((CFrame.new(Pos,Pos+SurfaceNorm)*CFrame.Angles(math.rad(90),0,0))-Vector3.new(0,7,0))*CFrame.Angles(math.rad(math.random(-50,50)),math.rad(math.random(-50,50)),math.rad(math.random(-50,50)))
                Parts[#Parts+1] = {P,P.CFrame,((CFrame.new(Pos,Pos+SurfaceNorm)*CFrame.Angles(math.rad(90),0,0))-Vector3.new(0,1,0))*CFrame.Angles(0,math.rad(i),0)*CFrame.new(0,0,-Radius)*CFrame.Angles(math.rad(math.random(-50,-20)),math.rad(math.random(-15,15)),math.rad(math.random(-15,15))),P.Size}
                if math.random(0,5) == 0 then -- rubble
                        local P = Instance.new("Part",Torso.Parent)
                        P.Anchored = true
                        P.FormFactor = "Custom"
                        P.BrickColor = BrickColor.new("Lime green")
                        P.Material = Hit.Material
                        P.TopSurface = "Smooth"
                        P.BottomSurface = "Smooth"
                        P.Size = Vector3.new(5,5,5)*(math.random(80,100)/100)
                        P.CFrame = ((CFrame.new(Pos,Pos+SurfaceNorm)*CFrame.Angles(math.rad(90),0,0))-Vector3.new(0,2.5,0))*CFrame.Angles(math.rad(math.random(-50,50)),math.rad(math.random(-50,50)),math.rad(math.random(-50,50)))
                        Parts[#Parts+1] = {P,P.CFrame,(CFrame.new(Pos,Pos+SurfaceNorm)*CFrame.Angles(math.rad(90),0,0))*CFrame.Angles(0,math.rad(i),0)*CFrame.new(0,0,-Radius-8)*CFrame.Angles(math.rad(math.random(-90,90)),math.rad(math.random(-90,90)),math.rad(math.random(-90,90))),P.Size}
                end
        end
        for i = 0,1,0.05 do
                for i2,v in pairs(Parts) do
                        v[1].CFrame = LerpCFrame(v[2],v[3],ApplyTrig(i,math.cos))
                end
                wait(0.02)
        end
        for i,v in pairs(Parts) do
                if v[1].Size.X > 2.1 then
                        v[1].CFrame = v[1].CFrame+Vector3.new(0,2,0)
                end
                v[1].Anchored = false
        end
        for i = 0,1,0.05 do
                for i2,v in pairs(Parts) do
                        v[1].Transparency = i
                        if i == 1 then
                                v[1]:Destroy()
                        elseif i >= 0.25 then
                                v[1].CanCollide = false
                        end
                end
                wait(0.02)
        end
        Parts = nil
        end)
end



GroundWave = function()
        if Transforming == true then
                local value = 5
                local value2 = 10
                local value3 = 20
local sa2 = Instance.new("Sound",Torso)
sa2.SoundId = "rbxassetid://393621716"
sa2.Pitch = 1
sa2.Volume = 10
sa2.Looped = false
sa2:Play()
                local wave = Instance.new("Part", Torso)
local glowz = Instance.new("ParticleEmitter",wave)
glowz.LightEmission = 1
glowz.Texture = "rbxassetid://284205403"
glowz.Color = ColorSequence.new(wit)
glowz.Size = NumberSequence.new(30)
glowz.Speed = NumberRange.new(25,100)
glowz.LockedToPart = false
glowz.Transparency = NumberSequence.new(0.75)
glowz.RotSpeed = NumberRange.new(-2000,2000)
glowz.Lifetime = NumberRange.new(1)
glowz.Rate = 50000
glowz.VelocitySpread = 9001
local glowz2 = Instance.new("ParticleEmitter",wave)
glowz2.LightEmission = 1
glowz.Texture = "rbxassetid://284205403"
glowz2.Color = ColorSequence.new(wit)
glowz2.Size = NumberSequence.new(30)
glowz2.Speed = NumberRange.new(25,100)
glowz2.LockedToPart = false
glowz2.Transparency = NumberSequence.new(0.75)
glowz2.RotSpeed = NumberRange.new(-2000,2000)
glowz2.Lifetime = NumberRange.new(1)
glowz2.Rate = 50000
glowz2.VelocitySpread = 9001
                wave.BrickColor = BrickColor.new("Really black")
                wave.Anchored = true
                wave.CanCollide = false
                wave.Locked = true
                wave.Size = Vector3.new(1, 1, 1)
                wave.TopSurface = "Smooth"
                wave.BottomSurface = "Smooth"
                wave.Transparency = 0.35
                wave.CFrame = fx.CFrame
                wave.Material = "Neon"
                wm = Instance.new("SpecialMesh", wave)
                wm.MeshType = "Sphere"
                wm.Scale = Vector3.new(1,1,1)
                local wave2 = Instance.new("Part", Torso)
                wave2.BrickColor = TorsoColor
                wave2.Anchored = true
                wave2.CanCollide = false
                wave2.Locked = true
                wave2.Size = Vector3.new(1, 1, 1)
                wave2.TopSurface = "Smooth"
                wave2.BottomSurface = "Smooth"
                wave2.Transparency = 0.35
                wave2.CFrame = fx.CFrame
                wave2.Material = "Neon"
                wm2 = Instance.new("SpecialMesh", wave2)
                wm2.MeshType = "FileMesh"
                wm2.MeshId = "http://www.roblox.com/asset/?id=3270017"
                wm2.Scale = Vector3.new(1,1,1)
                local wave3 = Instance.new("Part", Torso)
                wave3.BrickColor = BrickColor.new("Really black")
                wave3.Anchored = true
                wave3.CanCollide = false
                wave3.Locked = true
                wave3.Size = Vector3.new(1, 1, 1)
                wave3.TopSurface = "Smooth"
                wave3.BottomSurface = "Smooth"
                wave3.Transparency = 0.35
                wave3.CFrame = fx.CFrame
                wave3.Material = "Neon"
                wm3 = Instance.new("SpecialMesh", wave3)
                wm3.MeshType = "FileMesh"
                wm3.MeshId = "http://www.roblox.com/asset/?id=3270017"
                wm3.Scale = Vector3.new(1,1,1)
                coroutine.wrap(function()
                for i = 1, 18, 1 do
                value = value - 0.5
                value2 = value2 - 0.75*1.5
                value3 = value3 - 0.475*1.5
                wm.Scale = wm.Scale + Vector3.new(value*3.5,value*3.5,value*3.5)
                wm2.Scale = wm.Scale + Vector3.new(value2*3.5,value2*3.5,0.5)
                wm3.Scale = wm.Scale + Vector3.new(value3*3.5,value3*3.5,0.25)
                --wave.Size = wm.Scale
                wave.CFrame = fx.CFrame
                wave.Transparency = i/14
                --wave2.Size = wm2.Scale
                wave2.CFrame = fx.CFrame
                wave2.Rotation = Vector3.new(90, 0, 0)
                wave2.Transparency = i/14
                --wave3.Size = wm3.Scale
                wave3.CFrame = fx.CFrame
                wave3.Rotation = Vector3.new(90, 0, 0)
                wave3.Transparency = i/14
                wait()
                glowz.Rate = 0
                glowz2.Rate = 0
                end
                wait()
                wave:Destroy()
                wave2:Destroy()
                wave3:Destroy()
        end)()
        elseif Transforming == false then
        wait()
        end
end

for i = 1, 100 do rs:wait()
        fx.CFrame = Torso.CFrame
end

spawn(function()
	while wait(1) do
		GroundWave()
	end
end)

wait(4)

Transforming = false



local value2 = 1
for i = 1, 20 do rs:wait()
        value2 = value2 - 0.05
        glowz.Rate = 0
        glowz2.Rate = 0
        fx.Transparency = fx.Transparency + (1/20)
        fx.CFrame = torso.CFrame
        fxm.Scale = fxm.Scale + Vector3.new(value2,value2,value2)
        rs:wait()
end
glowz:Destroy()
glowz2:Destroy()

local HandCF = CFrame.new(root.Position - Vector3.new(0,3,0)) * CFrame.Angles(math.rad(90), math.rad(0), math.rad(0))
        local valuer = 5
        local valuer2 = 10
        local valuer3 = 15
local sa2 = Instance.new("Sound",torso)
sa2.SoundId = "rbxassetid://130972023"
sa2.Pitch = 1
sa2.Volume = 5
sa2.Looped = false
sa2:Play()
local sar2 = Instance.new("Sound",torso)
sar2.SoundId = "rbxassetid://153274423"
sar2.Pitch = 1
sar2.Volume = 5
sar2.Looped = false
sar2:Play()
local Mus = Instance.new("Sound",torso)
Mus.SoundId = "rbxassetid://397952612"
Mus.Pitch = 1
Mus.Volume = 6
Mus.Looped = true
Mus:Play()
Crater(torso,67)
        local wave = Instance.new("Part", torso)
        wave.BrickColor = TorsoColor
        wave.Anchored = true
        wave.CanCollide = false
        wave.Locked = true
        wave.Size = Vector3.new(1, 1, 1)
        wave.TopSurface = "Smooth"
        wave.BottomSurface = "Smooth"
        wave.Transparency = 0.35
        wave.CFrame = HandCF
        wm = Instance.new("SpecialMesh", wave)
        wm.MeshId = "rbxassetid://3270017"
        local wave2 = Instance.new("Part", torso)
        wave2.BrickColor = BrickColor.new("Really black")
        wave2.Anchored = true
        wave2.CanCollide = false
        wave2.Locked = true
        wave2.Size = Vector3.new(1, 1, 1)
        wave2.TopSurface = "Smooth"
        wave2.BottomSurface = "Smooth"
        wave2.Transparency = 0.35
        wave2.CFrame = HandCF
        wm2 = Instance.new("SpecialMesh", wave2)
        wm2.MeshId = "rbxassetid://3270017"
        local wave3 = Instance.new("Part", torso)
        wave3.BrickColor = TorsoColor
        wave3.Anchored = true
        wave3.CanCollide = false
        wave3.Locked = true
        wave3.Size = Vector3.new(1, 1, 1)
        wave3.TopSurface = "Smooth"
        wave3.BottomSurface = "Smooth"
        wave3.Transparency = 0.35
        wave3.CFrame = HandCF
        wm3 = Instance.new("SpecialMesh", wave3)
        wm3.MeshId = "rbxassetid://3270017"
        coroutine.wrap(function()
        for i = 1, 14, 1 do
        valuer = valuer - 0.35
        valuer2 = valuer - 0.45
        valuer3 = valuer3 - 0.475
        wm.Scale = wm.Scale + Vector3.new(valuer*2.5,valuer*2.5, 1 + i*200)
        wave.Size = wm.Scale
        wave.CFrame = HandCF
        wave.Transparency = i/14
        wm2.Scale = wm2.Scale + Vector3.new(valuer2*2.5,valuer2*2.5, 0 + i*10)
        wave2.Size = wm2.Scale
        wave2.CFrame = HandCF
        wave2.Transparency = i/14
        wm3.Scale = wm3.Scale + Vector3.new(valuer3*2.5,valuer3*2.5, 1)
        wave3.Size = wm2.Scale
        wave3.CFrame = HandCF
        wave3.Transparency = i/14
        wait()
        end
        wait()
        wave:Destroy()
        wave2:Destroy()
end)()
hum.WalkSpeed = 16









CV="Pastel blue"
	
local txt = Instance.new("BillboardGui", Char)
txt.Adornee = Char .Head
txt.Name = "_status"
txt.Size = UDim2.new(2, 0, 1.2, 0)
txt.StudsOffset = Vector3.new(-9, 8, 0)
local text = Instance.new("TextLabel", txt)
text.Size = UDim2.new(10, 0, 7, 0)
text.FontSize = "Size24"
text.TextScaled = true
text.TextTransparency = 0
text.BackgroundTransparency = 1 
text.TextTransparency = 0
text.TextStrokeTransparency = 0
text.Font = "Antique"
text.TextStrokeColor3 = Color3.new(0,255,0)

v=Instance.new("Part")
v.Name = "ColorBrick"
v.Parent=Player.Character
v.FormFactor="Symmetric"
v.Anchored=true
v.CanCollide=false
v.BottomSurface="Smooth"
v.TopSurface="Smooth"
v.Size=Vector3.new(10,5,3)
v.Transparency=1
v.CFrame=Char.Torso.CFrame
v.BrickColor=BrickColor.new(CV)
v.Transparency=1
text.TextColor3 = Color3.new(0,0,0)
v.Shape="Block"
text.Text = Char.Name

Player:ClearCharacterAppearance()
wait(0.1)
Player.Character.Head.BrickColor = BrickColor.new("Really black")
Player.Character.Torso.BrickColor = BrickColor.new("Really black")
Player.Character["Right Arm"].BrickColor = BrickColor.new("Really black")
Player.Character["Right Leg"].BrickColor = BrickColor.new("Really black")
Player.Character["Left Leg"].BrickColor = BrickColor.new("Really black")
Player.Character["Left Arm"].BrickColor = BrickColor.new("Really black")
Player.Character.Head.face:Destroy()







local selectionBoxOfTorso = Instance.new("SelectionBox",Torso)
selectionBoxOfTorso.Adornee = Torso
selectionBoxOfTorso.Color = BrickColor.new("Lime green")
selectionBoxOfTorso.LineThickness = 0.01
selectionBoxOfTorso.Transparency = 0
	
local selectionBoxOfRightArm = Instance.new("SelectionBox",Char["Right Arm"])
selectionBoxOfRightArm.Adornee = Char["Right Arm"]
selectionBoxOfRightArm.Color = BrickColor.new("Lime green")
selectionBoxOfRightArm.LineThickness = 0.01
selectionBoxOfRightArm.Transparency = 0
	
local selectionBoxOfRightLeg = Instance.new("SelectionBox",Char["Right Leg"])
selectionBoxOfRightLeg.Adornee = Char["Right Leg"]
selectionBoxOfRightLeg.Color = BrickColor.new("Lime green")
selectionBoxOfRightLeg.LineThickness = 0.01
selectionBoxOfRightLeg.Transparency = 0

local selectionBoxOfLeftArm = Instance.new("SelectionBox",Char["Left Arm"])
selectionBoxOfLeftArm.Adornee = Char["Left Arm"]
selectionBoxOfLeftArm.Color = BrickColor.new("Lime green")
selectionBoxOfLeftArm.LineThickness = 0.01
selectionBoxOfLeftArm.Transparency = 0

local selectionBoxOfLeftLeg = Instance.new("SelectionBox",Char["Left Leg"])
selectionBoxOfLeftLeg.Adornee = Char["Left Leg"]
selectionBoxOfLeftLeg.Color = BrickColor.new("Lime green")
selectionBoxOfLeftLeg.LineThickness = 0.01
selectionBoxOfLeftLeg.Transparency = 0


LightOnBody = Instance.new("PointLight", Head)
LightOnBody.Brightness = 3000
LightOnBody.Range = 20
LightOnBody.Color = Color3.new(0, 225, 0)



----------------------------------------------------------------------
local m2 = Instance.new("Model")
m2.Name = "Wings"
p1 = Instance.new("Part", m2)
p1.BrickColor = BrickColor.new("Lime green")
p1.Material = Enum.Material.Neon
p1.CFrame = CFrame.new(28.7928066, 27.8741341, 25.9347725, -0.579227924, -0.579227805, -0.573576331, 0.707106769, -0.707106769, 0, -0.405579776, -0.405579716, 0.819152117)
p1.FormFactor = Enum.FormFactor.Custom
p1.Size = Vector3.new(0.61060679, 3.09150696, 0.221234918)
p1.BottomSurface = Enum.SurfaceType.Smooth
p1.TopSurface = Enum.SurfaceType.Smooth
b1 = Instance.new("SpecialMesh", p1)
b1.MeshType = Enum.MeshType.Sphere
b1.Name = "Mesh"
p2 = Instance.new("Part", m2)
p2.BrickColor = BrickColor.new("Lime green")
p2.Material = Enum.Material.SmoothPlastic
p2.Reflectance = 0.30000001192093
p2.CFrame = CFrame.new(23.8806973, 23.7568359, 26.9065781, -0.573576033, 0.346188396, -0.742403686, 0, -0.906307817, -0.422617972, -0.819152117, -0.24240382, 0.519836783)
p2.CanCollide = false
p2.FormFactor = Enum.FormFactor.Custom
p2.Size = Vector3.new(0.584050655, 0.584051132, 0.584051371)
p2.BottomSurface = Enum.SurfaceType.Smooth
p2.TopSurface = Enum.SurfaceType.Smooth
b2 = Instance.new("SpecialMesh", p2)
b2.MeshId = "http://www.roblox.com/asset/?id=3270017"
b2.TextureId = ""
b2.MeshType = Enum.MeshType.FileMesh
b2.Name = "Mesh"
b2.Scale = Vector3.new(0.283109009, 0.283109039, 0.283109665)
p3 = Instance.new("Part", m2)
p3.BrickColor = BrickColor.new("Lime green")
p3.Material = Enum.Material.SmoothPlastic
p3.Reflectance = 0.30000001192093
p3.CFrame = CFrame.new(23.7651176, 23.6910381, 26.9875221, -0.573576033, 0.346188247, -0.742403686, -2.40360578e-007, -0.906307697, -0.422617912, -0.819152117, -0.242403969, 0.519836664)
p3.CanCollide = false
p3.FormFactor = Enum.FormFactor.Custom
p3.Size = Vector3.new(0.585091829, 0.622839987, 0.584051371)
p3.BottomSurface = Enum.SurfaceType.Smooth
p3.TopSurface = Enum.SurfaceType.Smooth
b3 = Instance.new("SpecialMesh", p3)
b3.MeshId = "http://www.roblox.com/asset/?id=3270017"
b3.TextureId = ""
b3.MeshType = Enum.MeshType.FileMesh
b3.Name = "Mesh"
b3.Scale = Vector3.new(0.585091829, 0.622839928, 0.301983595)
p4 = Instance.new("Part", m2)
p4.BrickColor = BrickColor.new("Lime green")
p4.Material = Enum.Material.SmoothPlastic
p4.Reflectance = 0.30000001192093
p4.CFrame = CFrame.new(29.5663891, 25.8075085, 26.4371891, -0.573576391, 0.280166149, 0.769750714, 2.08616257e-007, -0.939692259, 0.342020333, 0.819151878, 0.196174487, 0.538985968)
p4.CanCollide = false
p4.FormFactor = Enum.FormFactor.Custom
p4.Size = Vector3.new(0.849326968, 0.849327147, 0.584051371)
p4.BottomSurface = Enum.SurfaceType.Smooth
p4.TopSurface = Enum.SurfaceType.Smooth
b4 = Instance.new("SpecialMesh", p4)
b4.MeshId = "http://www.roblox.com/asset/?id=3270017"
b4.TextureId = ""
b4.MeshType = Enum.MeshType.FileMesh
b4.Name = "Mesh"
b4.Scale = Vector3.new(0.849326968, 0.849327147, 0.56621933)
p5 = Instance.new("Part", m2)
p5.BrickColor = BrickColor.new("Lime green")
p5.Material = Enum.Material.SmoothPlastic
p5.Reflectance = 0.30000001192093
p5.CFrame = CFrame.new(23.880703, 23.7568455, 26.9065876, -0.573576212, 0.346188098, -0.742403805, -4.76837158e-007, -0.906307578, -0.422617912, -0.819152236, -0.242404133, 0.519836485)
p5.CanCollide = false
p5.FormFactor = Enum.FormFactor.Custom
p5.Size = Vector3.new(0.584050655, 0.584051132, 0.584051371)
p5.BottomSurface = Enum.SurfaceType.Smooth
p5.TopSurface = Enum.SurfaceType.Smooth
b5 = Instance.new("SpecialMesh", p5)
b5.MeshId = "http://www.roblox.com/asset/?id=3270017"
b5.TextureId = ""
b5.MeshType = Enum.MeshType.FileMesh
b5.Name = "Mesh"
b5.Scale = Vector3.new(0.283109009, 0.283109039, 0.283109665)
p6 = Instance.new("Part", m2)
p6.BrickColor = BrickColor.new("Lime green")
p6.Material = Enum.Material.SmoothPlastic
p6.Reflectance = 0.30000001192093
p6.CFrame = CFrame.new(23.6530266, 23.6272411, 27.0660267, -0.573576212, 0.346187949, -0.742403805, -7.17197622e-007, -0.906307459, -0.422617853, -0.819152236, -0.242404282, 0.519836366)
p6.CanCollide = false
p6.FormFactor = Enum.FormFactor.Custom
p6.Size = Vector3.new(0.849326968, 0.849327147, 0.584051371)
p6.BottomSurface = Enum.SurfaceType.Smooth
p6.TopSurface = Enum.SurfaceType.Smooth
b6 = Instance.new("SpecialMesh", p6)
b6.MeshId = "http://www.roblox.com/asset/?id=3270017"
b6.TextureId = ""
b6.MeshType = Enum.MeshType.FileMesh
b6.Name = "Mesh"
b6.Scale = Vector3.new(0.849326968, 0.849327147, 0.56621933)
p7 = Instance.new("Part", m2)
p7.BrickColor = BrickColor.new("Lime green")
p7.Material = Enum.Material.SmoothPlastic
p7.Reflectance = 0.30000001192093
p7.CFrame = CFrame.new(23.7651253, 23.6910515, 26.9875393, -0.573576212, 0.3461878, -0.742403805, -9.57558086e-007, -0.90630734, -0.422617793, -0.819152236, -0.242404431, 0.519836247)
p7.CanCollide = false
p7.FormFactor = Enum.FormFactor.Custom
p7.Size = Vector3.new(0.585091829, 0.622839987, 0.584051371)
p7.BottomSurface = Enum.SurfaceType.Smooth
p7.TopSurface = Enum.SurfaceType.Smooth
b7 = Instance.new("SpecialMesh", p7)
b7.MeshId = "http://www.roblox.com/asset/?id=3270017"
b7.TextureId = ""
b7.MeshType = Enum.MeshType.FileMesh
b7.Name = "Mesh"
b7.Scale = Vector3.new(0.585091829, 0.622839928, 0.301983595)
p8 = Instance.new("Part", m2)
p8.BrickColor = BrickColor.new("Lime green")
p8.Material = Enum.Material.SmoothPlastic
p8.Reflectance = 0.30000001192093
p8.CFrame = CFrame.new(23.6530304, 23.6272488, 27.0660381, -0.573576212, 0.346187651, -0.742403805, -1.19791855e-006, -0.90630722, -0.422617733, -0.819152236, -0.24240458, 0.519836128)
p8.CanCollide = false
p8.FormFactor = Enum.FormFactor.Custom
p8.Size = Vector3.new(0.849326968, 0.849327147, 0.584051371)
p8.BottomSurface = Enum.SurfaceType.Smooth
p8.TopSurface = Enum.SurfaceType.Smooth
b8 = Instance.new("SpecialMesh", p8)
b8.MeshId = "http://www.roblox.com/asset/?id=3270017"
b8.TextureId = ""
b8.MeshType = Enum.MeshType.FileMesh
b8.Name = "Mesh"
b8.Scale = Vector3.new(0.849326968, 0.849327147, 0.56621933)
p9 = Instance.new("Part", m2)
p9.BrickColor = BrickColor.new("Lime green")
p9.Material = Enum.Material.SmoothPlastic
p9.Reflectance = 0.30000001192093
p9.CFrame = CFrame.new(30.2536392, 23.691061, 26.9184284, -0.573576212, -0.346188962, 0.74240309, 4.47034836e-007, -0.906307578, -0.422616601, 0.81915164, -0.242404819, 0.519836843)
p9.CanCollide = false
p9.FormFactor = Enum.FormFactor.Custom
p9.Size = Vector3.new(0.585091829, 0.622839987, 0.584051371)
p9.BottomSurface = Enum.SurfaceType.Smooth
p9.TopSurface = Enum.SurfaceType.Smooth
b9 = Instance.new("SpecialMesh", p9)
b9.MeshId = "http://www.roblox.com/asset/?id=3270017"
b9.TextureId = ""
b9.MeshType = Enum.MeshType.FileMesh
b9.Name = "Mesh"
b9.Scale = Vector3.new(0.585091829, 0.622839928, 0.301983595)
p10 = Instance.new("Part", m2)
p10.BrickColor = BrickColor.new("Lime green")
p10.Material = Enum.Material.SmoothPlastic
p10.Reflectance = 0.30000001192093
p10.CFrame = CFrame.new(27.9471893, 26.8180733, 25.3034286, -0.573576212, 0.469845235, 0.671010077, 2.86794574e-007, -0.819150567, 0.573576927, 0.81915164, 0.328989446, 0.469847172)
p10.CanCollide = false
p10.FormFactor = Enum.FormFactor.Custom
p10.Size = Vector3.new(0.849326968, 0.849327147, 0.584051371)
p10.BottomSurface = Enum.SurfaceType.Smooth
p10.TopSurface = Enum.SurfaceType.Smooth
b10 = Instance.new("SpecialMesh", p10)
b10.MeshId = "http://www.roblox.com/asset/?id=3270017"
b10.TextureId = ""
b10.MeshType = Enum.MeshType.FileMesh
b10.Name = "Mesh"
b10.Scale = Vector3.new(0.849326968, 0.849327147, 0.56621933)
p11 = Instance.new("Part", m2)
p11.BrickColor = BrickColor.new("Lime green")
p11.Material = Enum.Material.SmoothPlastic
p11.Reflectance = 0.30000001192093
p11.CFrame = CFrame.new(27.8153667, 25.7751122, 25.211132, -0.573576212, 0.469845206, 0.671010017, 3.03888498e-007, -0.819150567, 0.573576987, 0.81915164, 0.328989416, 0.469847172)
p11.CanCollide = false
p11.FormFactor = Enum.FormFactor.Custom
p11.Size = Vector3.new(0.584050655, 0.584051132, 0.584051371)
p11.BottomSurface = Enum.SurfaceType.Smooth
p11.TopSurface = Enum.SurfaceType.Smooth
b11 = Instance.new("SpecialMesh", p11)
b11.MeshId = "http://www.roblox.com/asset/?id=3270017"
b11.TextureId = ""
b11.MeshType = Enum.MeshType.FileMesh
b11.Name = "Mesh"
b11.Scale = Vector3.new(0.283109009, 0.283109039, 0.283109665)
p12 = Instance.new("Part", m2)
p12.BrickColor = BrickColor.new("Lime green")
p12.Material = Enum.Material.SmoothPlastic
p12.Reflectance = 0.30000001192093
p12.CFrame = CFrame.new(29.655653, 24.6090927, 26.4997177, -0.573576212, 0.212011248, 0.791239619, 2.79475898e-007, -0.965924561, 0.258820325, 0.81915164, 0.14845185, 0.554032922)
p12.CanCollide = false
p12.FormFactor = Enum.FormFactor.Custom
p12.Size = Vector3.new(0.584050655, 0.584051132, 0.584051371)
p12.BottomSurface = Enum.SurfaceType.Smooth
p12.TopSurface = Enum.SurfaceType.Smooth
b12 = Instance.new("SpecialMesh", p12)
b12.MeshId = "http://www.roblox.com/asset/?id=3270017"
b12.TextureId = ""
b12.MeshType = Enum.MeshType.FileMesh
b12.Name = "Mesh"
b12.Scale = Vector3.new(0.283109009, 0.283109039, 0.283109665)
p13 = Instance.new("Part", m2)
p13.BrickColor = BrickColor.new("Lime green")
p13.Material = Enum.Material.SmoothPlastic
p13.Reflectance = 0.30000001192093
p13.CFrame = CFrame.new(27.9198303, 25.8644161, 25.2842865, -0.573576212, 0.469845116, 0.671010017, 2.51205847e-007, -0.819150507, 0.573577106, 0.81915164, 0.328989446, 0.469847202)
p13.CanCollide = false
p13.FormFactor = Enum.FormFactor.Custom
p13.Size = Vector3.new(0.585091829, 0.622839987, 0.584051371)
p13.BottomSurface = Enum.SurfaceType.Smooth
p13.TopSurface = Enum.SurfaceType.Smooth
b13 = Instance.new("SpecialMesh", p13)
b13.MeshId = "http://www.roblox.com/asset/?id=3270017"
b13.TextureId = ""
b13.MeshType = Enum.MeshType.FileMesh
b13.Name = "Mesh"
b13.Scale = Vector3.new(0.585091829, 0.622839928, 0.301983595)
p14 = Instance.new("Part", m2)
p14.BrickColor = BrickColor.new("Lime green")
p14.Material = Enum.Material.SmoothPlastic
p14.Reflectance = 0.30000001192093
p14.CFrame = CFrame.new(29.778841, 24.6493893, 26.5859776, -0.573576212, 0.212011158, 0.791239619, 2.26793262e-007, -0.965924621, 0.258820474, 0.81915164, 0.148451865, 0.554032922)
p14.CanCollide = false
p14.FormFactor = Enum.FormFactor.Custom
p14.Size = Vector3.new(0.585091829, 0.622839987, 0.584051371)
p14.BottomSurface = Enum.SurfaceType.Smooth
p14.TopSurface = Enum.SurfaceType.Smooth
b14 = Instance.new("SpecialMesh", p14)
b14.MeshId = "http://www.roblox.com/asset/?id=3270017"
b14.TextureId = ""
b14.MeshType = Enum.MeshType.FileMesh
b14.Name = "Mesh"
b14.Scale = Vector3.new(0.585091829, 0.622839928, 0.301983595)
p15 = Instance.new("Part", m2)
p15.BrickColor = BrickColor.new("Lime green")
p15.Material = Enum.Material.SmoothPlastic
p15.Reflectance = 0.30000001192093
p15.CFrame = CFrame.new(29.3303242, 25.7026424, 26.271925, -0.573576212, 0.280165315, 0.769750893, 1.98523225e-007, -0.939691305, 0.342021316, 0.81915164, 0.196174055, 0.538986266)
p15.CanCollide = false
p15.FormFactor = Enum.FormFactor.Custom
p15.Size = Vector3.new(0.584050655, 0.584051132, 0.584051371)
p15.BottomSurface = Enum.SurfaceType.Smooth
p15.TopSurface = Enum.SurfaceType.Smooth
b15 = Instance.new("SpecialMesh", p15)
b15.MeshId = "http://www.roblox.com/asset/?id=3270017"
b15.TextureId = ""
b15.MeshType = Enum.MeshType.FileMesh
b15.Name = "Mesh"
b15.Scale = Vector3.new(0.283109009, 0.283109039, 0.283109665)
p16 = Instance.new("Part", m2)
p16.BrickColor = BrickColor.new("Lime green")
p16.Material = Enum.Material.SmoothPlastic
p16.Reflectance = 0.30000001192093
p16.CFrame = CFrame.new(29.8983212, 24.6884689, 26.6696377, -0.573576272, 0.212011099, 0.791239798, 1.39939146e-007, -0.965924501, 0.258820534, 0.81915158, 0.148451924, 0.554033041)
p16.CanCollide = false
p16.FormFactor = Enum.FormFactor.Custom
p16.Size = Vector3.new(0.849326968, 0.849327147, 0.584051371)
p16.BottomSurface = Enum.SurfaceType.Smooth
p16.TopSurface = Enum.SurfaceType.Smooth
b16 = Instance.new("SpecialMesh", p16)
b16.MeshId = "http://www.roblox.com/asset/?id=3270017"
b16.TextureId = ""
b16.MeshType = Enum.MeshType.FileMesh
b16.Name = "Mesh"
b16.Scale = Vector3.new(0.849326968, 0.849327147, 0.56621933)
p17 = Instance.new("Part", m2)
p17.BrickColor = BrickColor.new("Lime green")
p17.Material = Enum.Material.SmoothPlastic
p17.Reflectance = 0.30000001192093
p17.CFrame = CFrame.new(29.5664043, 25.8075294, 26.4372196, -0.573576272, 0.280165255, 0.769751072, 1.1166911e-007, -0.939691126, 0.342021376, 0.81915158, 0.196174115, 0.538986385)
p17.CanCollide = false
p17.FormFactor = Enum.FormFactor.Custom
p17.Size = Vector3.new(0.849326968, 0.849327147, 0.584051371)
p17.BottomSurface = Enum.SurfaceType.Smooth
p17.TopSurface = Enum.SurfaceType.Smooth
b17 = Instance.new("SpecialMesh", p17)
b17.MeshId = "http://www.roblox.com/asset/?id=3270017"
b17.TextureId = ""
b17.MeshType = Enum.MeshType.FileMesh
b17.Name = "Mesh"
b17.Scale = Vector3.new(0.849326968, 0.849327147, 0.56621933)
p18 = Instance.new("Part", m2)
p18.BrickColor = BrickColor.new("Lime green")
p18.Material = Enum.Material.SmoothPlastic
p18.Reflectance = 0.30000001192093
p18.CFrame = CFrame.new(28.021162, 25.9510212, 25.3552322, -0.573576331, 0.469845086, 0.671010435, 8.10900147e-008, -0.819150269, 0.573577285, 0.819151521, 0.328989595, 0.469847381)
p18.CanCollide = false
p18.FormFactor = Enum.FormFactor.Custom
p18.Size = Vector3.new(0.849326968, 0.849327147, 0.584051371)
p18.BottomSurface = Enum.SurfaceType.Smooth
p18.TopSurface = Enum.SurfaceType.Smooth
b18 = Instance.new("SpecialMesh", p18)
b18.MeshId = "http://www.roblox.com/asset/?id=3270017"
b18.TextureId = ""
b18.MeshType = Enum.MeshType.FileMesh
b18.Name = "Mesh"
b18.Scale = Vector3.new(0.849326968, 0.849327147, 0.56621933)
p19 = Instance.new("Part", m2)
p19.BrickColor = BrickColor.new("Lime green")
p19.Material = Enum.Material.SmoothPlastic
p19.Reflectance = 0.30000001192093
p19.CFrame = CFrame.new(30.3657436, 23.6272507, 26.9969234, -0.573576272, -0.346189439, 0.74240303, -9.24166343e-009, -0.906307697, -0.422616035, 0.819151521, -0.242404714, 0.519837141)
p19.CanCollide = false
p19.FormFactor = Enum.FormFactor.Custom
p19.Size = Vector3.new(0.849326968, 0.849327147, 0.584051371)
p19.BottomSurface = Enum.SurfaceType.Smooth
p19.TopSurface = Enum.SurfaceType.Smooth
b19 = Instance.new("SpecialMesh", p19)
b19.MeshId = "http://www.roblox.com/asset/?id=3270017"
b19.TextureId = ""
b19.MeshType = Enum.MeshType.FileMesh
b19.Name = "Mesh"
b19.Scale = Vector3.new(0.849326968, 0.849327147, 0.56621933)
p20 = Instance.new("Part", m2)
p20.BrickColor = BrickColor.new("Lime green")
p20.Material = Enum.Material.SmoothPlastic
p20.Reflectance = 0.30000001192093
p20.CFrame = CFrame.new(30.2536469, 23.6910553, 26.9184265, -0.573576272, -0.346189529, 0.742402911, -2.63107069e-007, -0.906307518, -0.422615975, 0.819151521, -0.242404476, 0.519837141)
p20.CanCollide = false
p20.FormFactor = Enum.FormFactor.Custom
p20.Size = Vector3.new(0.585091829, 0.622839987, 0.584051371)
p20.BottomSurface = Enum.SurfaceType.Smooth
p20.TopSurface = Enum.SurfaceType.Smooth
b20 = Instance.new("SpecialMesh", p20)
b20.MeshId = "http://www.roblox.com/asset/?id=3270017"
b20.TextureId = ""
b20.MeshType = Enum.MeshType.FileMesh
b20.Name = "Mesh"
b20.Scale = Vector3.new(0.585091829, 0.622839928, 0.301983595)
p21 = Instance.new("Part", m2)
p21.BrickColor = BrickColor.new("Lime green")
p21.Material = Enum.Material.SmoothPlastic
p21.Reflectance = 0.30000001192093
p21.CFrame = CFrame.new(27.8458843, 26.7314644, 25.2324886, -0.573576272, 0.469844759, 0.671010494, -4.23347274e-007, -0.819149971, 0.573577166, 0.819151521, 0.328989863, 0.469847023)
p21.CanCollide = false
p21.FormFactor = Enum.FormFactor.Custom
p21.Size = Vector3.new(0.585091829, 0.622839987, 0.584051371)
p21.BottomSurface = Enum.SurfaceType.Smooth
p21.TopSurface = Enum.SurfaceType.Smooth
b21 = Instance.new("SpecialMesh", p21)
b21.MeshId = "http://www.roblox.com/asset/?id=3270017"
b21.TextureId = ""
b21.MeshType = Enum.MeshType.FileMesh
b21.Name = "Mesh"
b21.Scale = Vector3.new(0.585091829, 0.622839928, 0.301983595)
p22 = Instance.new("Part", m2)
p22.BrickColor = BrickColor.new("Lime green")
p22.Material = Enum.Material.SmoothPlastic
p22.Reflectance = 0.30000001192093
p22.CFrame = CFrame.new(30.1380615, 23.756855, 26.8374882, -0.573576212, -0.346189648, 0.742402732, -5.1367897e-007, -0.906307459, -0.422615856, 0.819151521, -0.242404282, 0.519837141)
p22.CanCollide = false
p22.FormFactor = Enum.FormFactor.Custom
